
# Surface 0 of 1 surfaces

# Curve title: "'test.dat'"

# Contour 0, label:      565
 11.3335 -10.5882  565 
 10.5882 -11.3829  565 
 7.56303 -10.8719  565 
 7.10872 -10.5882  565 
 4.53782 -9.11264  565 
 2.37571 -7.56303  565 
 1.51261 -6.99248  565 
-1.13722 -4.53782  565 
-1.51261 -4.16703  565 
-3.36419 -1.51261  565 
-4.53782  0.945965  565 
-4.79268  1.51261  565 
-5.21373  4.53782  565 
-4.53782  6.30949  565 
-1.51261  6.78504  565 
 1.51261  5.48677  565 
 2.79115  4.53782  565 
 4.53782  3.06606  565 
 5.95863  1.51261  565 
 7.56303 -0.67235  565 
 8.14075 -1.51261  565 
 9.73185 -4.53782  565 
 10.5882 -6.52617  565 
 11.0331 -7.56303  565 
 11.3335 -10.5882  565 


# Contour 1, label:      500
 15.4329  10.5882  500 
 16.6387  9.29621  500 
 18.2405  7.56303  500 
 19.6639  5.96437  500 
 20.92  4.53782  500 
 22.6891  2.45518  500 
 23.4765  1.51261  500 
 25.7143 -1.2396  500 
 25.9307 -1.51261  500 
 28.251 -4.53782  500 
 28.7395 -5.19408  500 
 30.4542 -7.56303  500 
 31.7647 -9.43701  500 
 32.5526 -10.5882  500 
 34.5148 -13.6134  500 
 34.7899 -14.0718  500 
 36.3067 -16.6387  500 
 37.8151 -19.2853  500 
 38.0281 -19.6639  500 
 39.6407 -22.6891  500 
 40.8403 -24.9251  500 
 41.2526 -25.7143  500 
 42.7419 -28.7395  500 
 43.8655 -31.0833  500 
 44.1725 -31.7647  500 
 45.3158 -34.7899  500 
 46.1873 -37.8151  500 
 46.5619 -40.8403  500 
 46.0295 -43.8655  500 

 46.0295 -43.8655  500 
 43.8655 -46.4536  500 
 42.6261 -46.8908  500 
 40.8403 -47.2511  500 
 37.8151 -47.058  500 
 37.1434 -46.8908  500 
 34.7899 -46.2719  500 
 31.7647 -45.1381  500 
 28.7933 -43.8655  500 
 28.7395 -43.841  500 
 25.7143 -42.283  500 
 22.9313 -40.8403  500 
 22.6891 -40.7118  500 
 19.6639 -39.0038  500 
 17.5908 -37.8151  500 
 16.6387 -37.2647  500 
 13.6134 -35.3864  500 
 12.7256 -34.7899  500 
 10.5882 -33.3376  500 
 8.41215 -31.7647  500 
 7.56303 -31.1405  500 
 4.53782 -28.7911  500 
 4.4752 -28.7395  500 
 1.51261 -26.2369  500 
 0.926751 -25.7143  500 
-1.51261 -23.4652  500 
-2.30197 -22.6891  500 
-4.53782 -20.3948  500 
-5.22229 -19.6639  500 
-7.56303 -17.1092  500 
-7.9958 -16.6387  500 
-10.5882 -13.8204  500 
-10.7915 -13.6134  500 
-13.6134 -10.712  500 
-13.7535 -10.5882  500 
-16.6387 -7.89752  500 
-17.1054 -7.56303  500 
-19.6639 -5.55795  500 
-21.8147 -4.53782  500 
-22.6891 -4.10933  500 
-25.7143 -3.35389  500 
-28.7395 -2.86184  500 
-31.7647 -2.27413  500 
-34.225 -1.51261  500 
-34.7899 -1.27558  500 
-37.8151  1.11538  500 
-38.0834  1.51261  500 
-38.8116  4.53782  500 
-38.9036  7.56303  500 
-38.7086  10.5882  500 
-38.406  13.6134  500 
-38.1438  16.6387  500 
-38.1545  19.6639  500 
-38.7963  22.6891  500 
-40.014  25.7143  500 
-40.8403  27.3082  500 
-41.5917  28.7395  500 
-43.3157  31.7647  500 
-43.8655  32.7541  500 
-44.8985  34.7899  500 
-46.1527  37.8151  500 
-46.8908  40.7508  500 
-46.9126  40.8403  500 
-46.8908  43.0547  500 
-46.8781  43.8655  500 
-45.0044  46.8908  500 
-43.8655  47.5666  500 
-40.8403  48.0645  500 
-37.8151  47.7437  500 
-34.7899  46.9469  500 
-34.6449  46.8908  500 
-31.7647  45.6777  500 
-28.7395  44.2828  500 
-27.9077  43.8655  500 
-25.7143  42.6948  500 
-22.6891  41.0966  500 
-22.2323  40.8403  500 
-19.6639  39.3572  500 
-17.0483  37.8151  500 
-16.6387  37.5709  500 
-13.6134  35.6194  500 
-12.3981  34.7899  500 
-10.5882  33.5425  500 
-8.11681  31.7647  500 
-7.56303  31.3596  500 
-4.53782  29.0657  500 
-4.11944  28.7395  500 
-1.51261  26.6598  500 
-0.35671  25.7143  500 
 1.51261  24.1457  500 
 3.17605  22.6891  500 
 4.53782  21.4653  500 
 6.45135  19.6639  500 
 7.56303  18.6055  500 
 9.5424  16.6387  500 
 10.5882  15.6002  500 
 12.5257  13.6134  500 
 13.6134  12.4932  500 
 15.4329  10.5882  500 


# Contour 2, label:      400
-68.0672  73.3553  400 
-65.042  73.3773  400 
-62.0168  73.0387  400 
-58.9916  72.5145  400 
-55.9664  71.8507  400 
-53.0746  71.0924  400 
-52.9412  71.0565  400 
-49.916  70.0844  400 
-46.8908  69.0359  400 
-44.2504  68.0672  400 
-43.8655  67.9196  400 
-40.8403  66.6936  400 
-37.8151  65.4419  400 
-36.8892  65.042  400 
-34.7899  64.1043  400 
-31.7647  62.6995  400 
-30.3692  62.0168  400 
-28.7395  61.1984  400 
-25.7143  59.6126  400 
-24.5671  58.9916  400 
-22.6891  57.9676  400 
-19.6639  56.3453  400 
-18.9409  55.9664  400 
-16.6387  54.7177  400 
-13.6134  53.0353  400 
-13.4511  52.9412  400 
-10.5882  51.1989  400 
-8.61439  49.916  400 
-7.56303  49.1997  400 
-4.53782  47.0038  400 
-4.38989  46.8908  400 
-1.51261  44.6265  400 
-0.568083  43.8655  400 
 1.51261  42.1808  400 
 3.18599  40.8403  400 
 4.53782  39.7748  400 
 6.9798  37.8151  400 
 7.56303  37.3419  400 
 10.5882  34.8078  400 
 10.609  34.7899  400 
 13.6134  32.1026  400 
 13.9798  31.7647  400 
 16.6387  29.1932  400 
 17.0973  28.7395  400 
 19.6639  26.0863  400 
 20.0227  25.7143  400 
 22.6891  22.8952  400 
 22.8863  22.6891  400 
 25.7143  19.7723  400 
 25.8176  19.6639  400 
 28.7041  16.6387  400 
 28.7395  16.601  400 
 31.4421  13.6134  400 
 31.7647  13.2472  400 
 34.0213  10.5882  400 
 34.7899  9.65599  400 
 36.467  7.56303  400 
 37.8151  5.83405  400 
 38.8137  4.53782  400 
 40.8403  1.85834  400 
 41.1044  1.51261  400 
 43.4224 -1.51261  400 
 43.8655 -2.09923  400 
 45.6737 -4.53782  400 
 46.8908 -6.26349  400 
 47.7768 -7.56303  400 
 49.7146 -10.5882  400 
 49.916 -10.9191  400 
 51.484 -13.6134  400 
 52.9412 -16.2287  400 
 53.1596 -16.6387  400 
 54.7508 -19.6639  400 
 55.9664 -21.9413  400 
 56.357 -22.6891  400 
 57.9652 -25.7143  400 
 58.9916 -27.6548  400 
 59.5553 -28.7395  400 
 61.0715 -31.7647  400 
 62.0168 -33.7173  400 
 62.5212 -34.7899  400 
 63.8863 -37.8151  400 
 65.042 -40.4196  400 
 65.222 -40.8403  400 
 66.4663 -43.8655  400 
 67.6935 -46.8908  400 
 68.0672 -47.8614  400 
 68.8258 -49.916  400 
 69.8644 -52.9412  400 
 70.8131 -55.9664  400 
 71.0924 -57.0421  400 
 71.5965 -58.9916  400 
 72.2219 -62.0168  400 
 72.6762 -65.042  400 
 72.8132 -68.0672  400 
 72.1171 -71.0924  400 

 72.1171 -71.0924  400 
 71.0924 -72.2716  400 
 68.0672 -73.3575  400 
 65.042 -73.4045  400 
 62.0168 -73.0828  400 
 58.9916 -72.5729  400 
 55.9664 -71.9215  400 
 52.9412 -71.1399  400 
 52.7872 -71.0924  400 
 49.916 -70.173  400 
 46.8908 -69.119  400 
 44.0521 -68.0672  400 
 43.8655 -67.9949  400 
 40.8403 -66.7436  400 
 37.8151 -65.4621  400 
 36.8664 -65.042  400 
 34.7899 -64.0922  400 
 31.7647 -62.6603  400 
 30.4648 -62.0168  400 
 28.7395 -61.1411  400 
 25.7143 -59.5524  400 
 24.6731 -58.9916  400 
 22.6891 -57.9126  400 
 19.6639 -56.2973  400 
 19.0304 -55.9664  400 
 16.6387 -54.672  400 
 13.6134 -52.9973  400 
 13.5161 -52.9412  400 
 10.5882 -51.1696  400 
 8.65166 -49.916  400 
 7.56303 -49.1776  400 
 4.53782 -46.9762  400 
 4.4271 -46.8908  400 
 1.51261 -44.5685  400 
 0.661132 -43.8655  400 
-1.51261 -42.0518  400 
-2.95956 -40.8403  400 
-4.53782 -39.5268  400 
-6.54868 -37.8151  400 
-7.56303 -36.9334  400 
-9.96599 -34.7899  400 
-10.5882 -34.2118  400 
-13.1824 -31.7647  400 
-13.6134 -31.3389  400 
-16.2789 -28.7395  400 
-16.6387 -28.3771  400 
-19.4757 -25.7143  400 
-19.6639 -25.5387  400 
-22.6891 -23.1798  400 
-23.4647 -22.6891  400 
-25.7143 -21.4238  400 
-28.7395 -19.9429  400 
-29.3048 -19.6639  400 
-31.7647 -18.532  400 
-34.7899 -16.9926  400 
-35.359 -16.6387  400 
-37.8151 -15.1479  400 
-39.7845 -13.6134  400 
-40.8403 -12.8006  400 
-43.0795 -10.5882  400 
-43.8655 -9.77759  400 
-45.5871 -7.56303  400 
-46.8908 -5.61852  400 
-47.5164 -4.53782  400 
-48.9333 -1.51261  400 
-49.916  1.22723  400 
-50.0169  1.51261  400 
-50.864  4.53782  400 
-51.5977  7.56303  400 
-52.3039  10.5882  400 
-52.9412  13.141  400 
-53.0661  13.6134  400 
-53.9426  16.6387  400 
-55.0213  19.6639  400 
-55.9664  21.8482  400 
-56.3327  22.6891  400 
-57.8044  25.7143  400 
-58.9916  27.9856  400 
-59.3784  28.7395  400 
-60.9348  31.7647  400 
-62.0168  33.8854  400 
-62.4619  34.7899  400 
-63.9066  37.8151  400 
-65.042  40.2326  400 
-65.3156  40.8403  400 
-66.6295  43.8655  400 
-67.9259  46.8908  400 
-68.0672  47.2419  400 
-69.0977  49.916  400 
-70.1901  52.9412  400 
-71.0924  55.7021  400 
-71.177  55.9664  400 
-71.9585  58.9916  400 
-72.5828  62.0168  400 
-73.0039  65.042  400 
-73.0708  68.0672  400 
-72.2609  71.0924  400 
-71.0924  72.3548  400 
-68.0672  73.3553  400 


# Contour 3, label:      300
 52.9412  7.88678  300 
 53.1879  7.56303  300 
 55.481  4.53782  300 
 55.9664  3.88036  300 
 57.6646  1.51261  300 
 58.9916 -0.491705  300 
 59.6237 -1.51261  300 
 61.3168 -4.53782  300 
 62.0168 -5.86921  300 
 62.8765 -7.56303  300 
 64.363 -10.5882  300 
 65.042 -11.9931  300 
 65.8151 -13.6134  300 
 67.2624 -16.6387  300 
 68.0672 -18.299  300 
 68.7144 -19.6639  300 
 70.1449 -22.6891  300 
 71.0924 -24.7327  300 
 71.5302 -25.7143  300 
 72.8481 -28.7395  300 
 74.1176 -31.7447  300 
 74.1258 -31.7647  300 
 75.3528 -34.7899  300 
 76.572 -37.8151  300 
 77.1429 -39.2122  300 
 77.7979 -40.8403  300 
 79.0493 -43.8655  300 
 80.1681 -46.5153  300 
 80.3274 -46.8908  300 
 81.6172 -49.916  300 
 82.9338 -52.9412  300 
 83.1933 -53.5323  300 
 84.2903 -55.9664  300 
 85.7159 -58.9916  300 
 86.2185 -60.0244  300 
 87.1952 -62.0168  300 
 88.6611 -65.042  300 
 89.2437 -66.344  300 
 90.015 -68.0672  300 
 91.1349 -71.0924  300 
 91.9123 -74.1176  300 
 92.2416 -77.1429  300 
 92.0277 -80.1681  300 
 91.1507 -83.1933  300 
 89.4362 -86.2185  300 

-75.3129  34.7899  300 
-76.5453  37.8151  300 
-77.1429  39.2568  300 
-77.7871  40.8403  300 
-79.0616  43.8655  300 
-80.1681  46.4423  300 
-80.3605  46.8908  300 
-81.6574  49.916  300 
-82.9634  52.9412  300 
-83.1933  53.4751  300 
-84.2773  55.9664  300 
-85.6232  58.9916  300 
-86.2185  60.3066  300 
-86.9957  62.0168  300 
-88.3536  65.042  300 
-89.2437  67.1405  300 
-89.6404  68.0672  300 
-90.7386  71.0924  300 
-91.5474  74.1176  300 
-91.9563  77.1429  300 
-91.8638  80.1681  300 
-91.1459  83.1933  300 
-89.6188  86.2185  300 
-89.2437  86.7145  300 
-86.752  89.2437  300 
-86.2185  89.6532  300 
-83.1933  91.2425  300 
-80.1681  92.0444  300 
-77.1429  92.2379  300 
-74.1176  91.9413  300 
-71.0924  91.2469  300 
-68.0672  90.2561  300 
-65.4698  89.2437  300 
-65.042  89.0768  300 
-62.0168  87.8012  300 
-58.9916  86.5309  300 
-58.2365  86.2185  300 
-55.9664  85.2894  300 
-52.9412  84.0968  300 
-50.6149  83.1933  300 
-49.916  82.9251  300 
-46.8908  81.7564  300 
-43.8655  80.5875  300 
-42.7809  80.1681  300 
-40.8403  79.4153  300 
-37.8151  78.2603  300 
-34.8832  77.1429  300 
-34.7899  77.1065  300 
-31.7647  75.9185  300 
-28.7395  74.6978  300 
-27.3413  74.1176  300 
-25.7143  73.4146  300 
-22.6891  72.0582  300 
-20.6178  71.0924  300 
-19.6639  70.6324  300 
-16.6387  69.155  300 
-14.4276  68.0672  300 
-13.6134  67.6605  300 
-10.5882  66.1441  300 
-8.43047  65.042  300 
-7.56303  64.5911  300 
-4.53782  62.9615  300 
-2.87898  62.0168  300 
-1.51261  61.2038  300 
 1.51261  59.2116  300 
 1.8183  58.9916  300 
 4.53782  56.9276  300 
 5.76166  55.9664  300 
 7.56303  54.5208  300 
 9.51841  52.9412  300 
 10.5882  52.0728  300 
 13.2715  49.916  300 
 13.6134  49.6409  300 
 16.6387  47.2429  300 
 17.0899  46.8908  300 
 19.6639  44.8529  300 
 20.915  43.8655  300 
 22.6891  42.417  300 
 24.609  40.8403  300 
 25.7143  39.8837  300 
 28.0915  37.8151  300 
 28.7395  37.2163  300 
 31.3133  34.7899  300 
 31.7647  34.3374  300 
 34.2224  31.7647  300 
 34.7899  31.1425  300 
 36.861  28.7395  300 
 37.8151  27.6097  300 
 39.3312  25.7143  300 
 40.8403  23.8232  300 
 41.7047  22.6891  300 
 43.8655  19.8588  300 
 44.0099  19.6639  300 
 46.2786  16.6387  300 
 46.8908  15.8325  300 
 48.5588  13.6134  300 
 49.916  11.8364  300 
 50.8652  10.5882  300 
 52.9412  7.88678  300 

 89.4362 -86.2185  300 
 89.2437 -86.456  300 
 86.3547 -89.2437  300 
 86.2185 -89.3462  300 
 83.1933 -90.9699  300 
 80.1681 -91.8312  300 
 77.1429 -92.0871  300 
 74.1176 -91.852  300 
 71.0924 -91.2196  300 
 68.0672 -90.2922  300 
 65.2154 -89.2437  300 
 65.042 -89.1794  300 
 62.0168 -87.9622  300 
 58.9916 -86.7476  300 
 57.6507 -86.2185  300 
 55.9664 -85.555  300 
 52.9412 -84.3979  300 
 49.916 -83.2586  300 
 49.7446 -83.1933  300 
 46.8908 -82.1072  300 
 43.8655 -80.9475  300 
 41.8558 -80.1681  300 
 40.8403 -79.7699  300 
 37.8151 -78.5782  300 
 34.7899 -77.3728  300 
 34.2193 -77.1429  300 
 31.7647 -76.1264  300 
 28.7395 -74.8464  300 
 27.0549 -74.1176  300 
 25.7143 -73.5164  300 
 22.6891 -72.1304  300 
 20.4747 -71.0924  300 
 19.6639 -70.7002  300 
 16.6387 -69.2361  300 
 14.2217 -68.0672  300 
 13.6134 -67.7679  300 
 10.5882 -66.2814  300 
 8.10637 -65.042  300 
 7.56303 -64.7648  300 
 4.53782 -63.1686  300 
 2.47986 -62.0168  300 
 1.51261 -61.4479  300 
-1.51261 -59.4673  300 
-2.16993 -58.9916  300 
-4.53782 -57.1696  300 
-6.04213 -55.9664  300 
-7.56303 -54.7162  300 
-9.70062 -52.9412  300 
-10.5882 -52.1974  300 
-13.3313 -49.916  300 
-13.6134 -49.6807  300 
-16.6387 -47.1955  300 
-17.0147 -46.8908  300 
-19.6639 -44.7285  300 
-20.7227 -43.8655  300 
-22.6891 -42.2304  300 
-24.3593 -40.8403  300 
-25.7143 -39.6908  300 
-27.976 -37.8151  300 
-28.7395 -37.1888  300 
-31.7297 -34.7899  300 
-31.7647 -34.7629  300 
-34.7899 -32.4114  300 
-35.5838 -31.7647  300 
-37.8151 -30.0342  300 
-39.3279 -28.7395  300 
-40.8403 -27.4966  300 
-42.7165 -25.7143  300 
-43.8655 -24.6325  300 
-45.6297 -22.6891  300 
-46.8908 -21.2653  300 
-48.1389 -19.6639  300 
-49.916 -17.3038  300 
-50.3737 -16.6387  300 
-52.3874 -13.6134  300 
-52.9412 -12.7224  300 
-54.2172 -10.5882  300 
-55.8105 -7.56303  300 
-55.9664 -7.22581  300 
-57.2346 -4.53782  300 
-58.4744 -1.51261  300 
-58.9916 -0.222615  300 
-59.7751  1.51261  300 
-61.1831  4.53782  300 
-62.0168  6.37195  300 
-62.6127  7.56303  300 
-64.0618  10.5882  300 
-65.042  12.668  300 
-65.5126  13.6134  300 
-66.998  16.6387  300 
-68.0672  18.803  300 
-68.4958  19.6639  300 
-69.9784  22.6891  300 
-71.0924  25.0277  300 
-71.4093  25.7143  300 
-72.7633  28.7395  300 
-74.0666  31.7647  300 
-74.1176  31.8842  300 
-75.3129  34.7899  300 


# Contour 4, label:      200
-1.51261  76.2235  200 
 1.51261  74.7041  200 
 2.62817  74.1176  200 
 4.53782  73.088  200 
 7.56303  71.3394  200 
 7.97513  71.0924  200 
 10.5882  69.4621  200 
 12.7017  68.0672  200 
 13.6134  67.4381  200 
 16.6387  65.2933  200 
 16.9947  65.042  200 
 19.6639  63.0903  200 
 21.1542  62.0168  200 
 22.6891  60.9184  200 
 25.4113  58.9916  200 
 25.7143  58.7804  200 
 28.7395  56.6785  200 
 29.7423  55.9664  200 
 31.7647  54.559  200 
 34.0556  52.9412  200 
 34.7899  52.4266  200 
 37.8151  50.2922  200 
 38.3367  49.916  200 
 40.8403  48.0207  200 
 42.1854  46.8908  200 
 43.8655  45.336  200 
 45.262  43.8655  200 
 46.8908  41.9005  200 
 47.6917  40.8403  200 
 49.7535  37.8151  200 
 49.916  37.5685  200 
 51.7023  34.7899  200 
 52.9412  32.8261  200 
 53.6131  31.7647  200 
 55.5303  28.7395  200 
 55.9664  28.0572  200 
 57.4717  25.7143  200 
 58.9916  23.3206  200 
 59.3956  22.6891  200 
 61.3938  19.6639  200 
 62.0168  18.7618  200 
 63.4644  16.6387  200 
 65.042  14.3099  200 
 65.4966  13.6134  200 
 67.449  10.5882  200 
 68.0672  9.59815  200 
 69.2878  7.56303  200 
 70.9898  4.53782  200 
 71.0924  4.34741  200 
 72.5832  1.51261  200 
 74.065 -1.51261  200 
 74.1176 -1.62327  200 
 75.4893 -4.53782  200 
 76.8549 -7.56303  200 
 77.1429 -8.20904  200 
 78.1905 -10.5882  200 
 79.489 -13.6134  200 
 80.1681 -15.2267  200 
 80.7474 -16.6387  200 
 81.9325 -19.6639  200 
 83.023 -22.6891  200 
 83.1933 -23.1754  200 
 84.0727 -25.7143  200 
 85.1109 -28.7395  200 
 86.1581 -31.7647  200 
 86.2185 -31.9325  200 
 87.2563 -34.7899  200 
 88.4051 -37.8151  200 
 89.2437 -39.8924  200 
 89.6369 -40.8403  200 
 90.9818 -43.8655  200 
 92.2689 -46.5879  200 
 92.4207 -46.8908  200 
 93.9994 -49.916  200 
 95.2941 -52.3413  200 
 95.6402 -52.9412  200 
 97.3791 -55.9664  200 
 98.3193 -57.6205  200 
 99.1877 -58.9916  200 
 101.143 -62.0168  200 
 101.345 -62.3367  200 
 103.258 -65.042  200 
 104.37 -66.8561  200 
 105.192 -68.0672  200 
 106.854 -71.0924  200 
 107.395 -72.4073  200 
 108.182 -74.1176  200 
 109.107 -77.1429  200 
 109.574 -80.1681  200 
 109.578 -83.1933  200 
 109.089 -86.2185  200 
 108.046 -89.2437  200 

-68.1945 -7.56303  200 
-69.917 -4.53782  200 
-71.0924 -2.41363  200 
-71.6094 -1.51261  200 
-73.3043  1.51261  200 
-74.1176  3.027  200 
-74.921  4.53782  200 
-76.4553  7.56303  200 
-77.1429  8.9613  200 
-77.9196  10.5882  200 
-79.3278  13.6134  200 
-80.1681  15.4745  200 
-80.6726  16.6387  200 
-81.9133  19.6639  200 
-83.027  22.6891  200 
-83.1933  23.1608  200 
-84.0792  25.7143  200 
-85.1119  28.7395  200 
-86.1486  31.7647  200 
-86.2185  31.9616  200 
-87.2309  34.7899  200 
-88.3587  37.8151  200 
-89.2437  40.0641  200 
-89.5559  40.8403  200 
-90.8456  43.8655  200 
-92.1904  46.8908  200 
-92.2689  47.0624  200 
-93.6385  49.916  200 
-95.1003  52.9412  200 
-95.2941  53.3404  200 
-96.6543  55.9664  200 
-98.2172  58.9916  200 
-98.3193  59.1789  200 
-100.081  62.0168  200 
-101.345  64.0213  200 
-102.084  65.042  200 
-104.066  68.0672  200 
-104.37  68.6113  200 
-105.939  71.0924  200 
-107.395  73.9821  200 
-107.473  74.1176  200 
-108.747  77.1429  200 
-109.537  80.1681  200 
-109.82  83.1933  200 
-109.576  86.2185  200 
-108.776  89.2437  200 
-107.395  92.2368  200 
-107.38  92.2689  200 
-105.458  95.2941  200 
-104.37  96.617  200 
-102.891  98.3193  200 
-101.345  99.8443  200 
-99.7213  101.345  200 
-98.3193  102.537  200 
-95.8637  104.37  200 
-95.2941  104.768  200 
-92.2689  106.529  200 
-90.2509  107.395  200 
-89.2437  107.827  200 
-86.2185  108.708  200 
-83.1933  109.138  200 
-80.1681  109.128  200 
-77.1429  108.687  200 
-74.1176  107.822  200 
-73.108  107.395  200 
-71.0924  106.628  200 
-68.0672  105.116  200 
-66.8368  104.37  200 
-65.042  103.385  200 
-62.0168  101.503  200 
-61.7674  101.345  200 
-58.9916  99.8194  200 
-56.0892  98.3193  200 
-55.9664  98.2622  200 
-52.9412  96.8593  200 
-49.916  95.4357  200 
-49.6149  95.2941  200 
-46.8908  94.1004  200 
-43.8655  92.7996  200 
-42.5821  92.2689  200 
-40.8403  91.58  200 
-37.8151  90.4348  200 
-34.7899  89.3276  200 
-34.553  89.2437  200 
-31.7647  88.2781  200 
-28.7395  87.2421  200 
-25.7593  86.2185  200 
-25.7143  86.2031  200 
-22.6891  85.168  200 
-19.6639  84.0873  200 
-17.3242  83.1933  200 
-16.6387  82.9253  200 
-13.6134  81.6911  200 
-10.5882  80.3946  200 
-10.0688  80.1681  200 
-7.56303  79.056  200 
-4.53782  77.6663  200 
-3.42997  77.1429  200 
-1.51261  76.2235  200 

 108.046 -89.2437  200 
 107.395 -90.481  200 
 106.442 -92.2689  200 
 104.37 -95.0385  200 
 104.17 -95.2941  200 
 101.345 -98.2055  200 
 101.229 -98.3193  200 
 98.3193 -100.997  200 
 97.9138 -101.345  200 
 95.2941 -103.502  200 
 93.9827 -104.37  200 
 92.2689 -105.46  200 
 89.2437 -106.875  200 
 87.5346 -107.395  200 
 86.2185 -107.803  200 
 83.1933 -108.284  200 
 80.1681 -108.315  200 
 77.1429 -107.922  200 
 75.1563 -107.395  200 
 74.1176 -107.151  200 
 71.0924 -106.081  200 
 68.0672 -104.665  200 
 67.5444 -104.37  200 
 65.042 -103.09  200 
 62.0374 -101.345  200 
 62.0168 -101.334  200 
 58.9916 -99.7879  200 
 55.9664 -98.3454  200 
 55.911 -98.3193  200 
 52.9412 -97.043  200 
 49.916 -95.7195  200 
 48.95 -95.2941  200 
 46.8908 -94.4412  200 
 43.8655 -93.1966  200 
 41.5631 -92.2689  200 
 40.8403 -91.9882  200 
 37.8151 -90.8446  200 
 34.7899 -89.718  200 
 33.4992 -89.2437  200 
 31.7647 -88.6157  200 
 28.7395 -87.526  200 
 25.7143 -86.4267  200 
 25.1419 -86.2185  200 
 22.6891 -85.3273  200 
 19.6639 -84.1992  200 
 17.0863 -83.1933  200 
 16.6387 -83.0155  200 
 13.6134 -81.7876  200 
 10.5882 -80.512  200 
 9.78573 -80.1681  200 
 7.56303 -79.2032  200 
 4.53782 -77.8496  200 
 3.00885 -77.1429  200 
 1.51261 -76.4431  200 
-1.51261 -74.9695  200 
-3.16698 -74.1176  200 
-4.53782 -73.3934  200 
-7.56303 -71.6894  200 
-8.56891 -71.0924  200 
-10.5882 -69.8408  200 
-13.2796 -68.0672  200 
-13.6134 -67.8359  200 
-16.6387 -65.7052  200 
-17.5686 -65.042  200 
-19.6639 -63.4811  200 
-21.6531 -62.0168  200 
-22.6891 -61.2502  200 
-25.7143 -59.033  200 
-25.7712 -58.9916  200 
-28.7395 -56.8316  200 
-29.8938 -55.9664  200 
-31.7647 -54.5689  200 
-33.9024 -52.9412  200 
-34.7899 -52.2644  200 
-37.8145 -49.916  200 
-40.8403 -47.4843  200 
-41.5313 -46.8908  200 
-43.8655 -44.7891  200 
-44.797 -43.8655  200 
-46.8908 -41.6769  200 
-47.6095 -40.8403  200 
-49.916 -38.0076  200 
-50.0578 -37.8151  200 
-52.2592 -34.7899  200 
-52.9412 -33.8083  200 
-54.2668 -31.7647  200 
-55.9664 -28.9116  200 
-56.0652 -28.7395  200 
-57.7644 -25.7143  200 
-58.9916 -23.3217  200 
-59.3257 -22.6891  200 
-61.0225 -19.6639  200 
-62.0168 -18.0065  200 
-62.8854 -16.6387  200 
-64.7231 -13.6134  200 
-65.042 -13.053  200 
-66.5203 -10.5882  200 
-68.0672 -7.78178  200 
-68.1945 -7.56303  200 


# Contour 5, label:      100
-180 -87.981  100 
-177.973 -86.2185  100 
-176.975 -84.7555  100 
-176.149 -83.1933  100 
-175.746 -80.1681  100 
-176.52 -77.1429  100 
-176.975 -76.3928  100 
-178.636 -74.1176  100 
-180 -72.8309  100 

 180  73.9973  100 
 179.856  74.1176  100 
 177.374  77.1429  100 
 176.975  78.4303  100 
 176.513  80.1681  100 
 176.975  81.9695  100 
 177.359  83.1933  100 
 180  86.0757  100 

-22.6891  99.6763  100 
-25.7143  100.711  100 
-27.5384  101.345  100 
-28.7395  101.804  100 
-31.7647  102.992  100 
-34.7899  104.223  100 
-35.1238  104.37  100 
-37.8151  105.711  100 
-40.8403  107.368  100 
-40.8857  107.395  100 
-43.8655  109.406  100 
-45.2759  110.42  100 
-46.8908  111.745  100 
-48.8603  113.445  100 
-49.916  114.494  100 
-51.847  116.471  100 
-52.9412  117.747  100 
-54.4448  119.496  100 
-55.9664  121.454  100 
-56.8378  122.521  100 
-58.9916  125.357  100 
-59.1501  125.546  100 
-61.4766  128.571  100 
-62.0168  129.33  100 
-63.8662  131.597  100 
-65.042  133.123  100 
-66.4239  134.622  100 
-68.0672  136.469  100 
-69.371  137.647  100 
-71.0924  139.245  100 
-73.1123  140.672  100 
-74.1176  141.399  100 
-77.1429  142.904  100 
-80.1681  143.692  100 
-80.2958  143.697  100 
-83.1933  143.831  100 
-84.0645  143.697  100 
-86.2185  143.387  100 
-89.2437  142.463  100 
-92.2689  141.099  100 
-93.0137  140.672  100 
-95.2941  139.44  100 
-98.0987  137.647  100 
-98.3193  137.513  100 
-101.345  135.478  100 
-102.517  134.622  100 
-104.37  133.299  100 
-106.585  131.597  100 
-107.395  130.984  100 
-110.385  128.571  100 
-110.42  128.544  100 
-113.445  126.033  100 
-114.011  125.546  100 
-116.471  123.477  100 
-117.603  122.521  100 
-119.496  120.988  100 
-121.48  119.496  100 
-122.521  118.756  100 
-125.546  116.702  100 
-125.898  116.471  100 
-128.571  114.678  100 
-130.402  113.445  100 
-131.597  112.594  100 
-134.597  110.42  100 
-134.622  110.401  100 
-137.647  108.048  100 
-138.491  107.395  100 
-140.672  105.581  100 
-142.204  104.37  100 
-143.697  103.109  100 
-145.957  101.345  100 
-146.723  100.697  100 
-149.748  98.3215  100 
-152.773  95.8543  100 
-153.56  95.2941  100 
-155.798  93.3188  100 
-157.256  92.2689  100 
-158.824  90.7104  100 
-160.832  89.2437  100 
-161.849  88.0304  100 
-164.395  86.2185  100 
-164.874  85.4458  100 
-167.899  83.6891  100 
-170.924  83.8185  100 
-173.95  84.676  100 
-176.975  85.5404  100 
-180  85.9823  100 

 137.647  70.5993  100 
 138.356  71.0924  100 
 140.672  73.1913  100 
 141.729  74.1176  100 
 143.697  76.8031  100 
 143.957  77.1429  100 
 144.92  80.1681  100 
 144.524  83.1933  100 
 143.697  84.69  100 
 142.931  86.2185  100 
 140.672  88.8923  100 
 140.404  89.2437  100 
 137.647  91.9336  100 
 137.342  92.2689  100 
 134.622  94.7074  100 
 134.04  95.2941  100 
 131.597  97.3998  100 
 130.634  98.3193  100 
 128.571  100.05  100 
 127.147  101.345  100 
 125.546  102.648  100 
 123.535  104.37  100 
 122.521  105.165  100 
 119.756  107.395  100 
 119.496  107.593  100 
 116.471  109.94  100 
 115.858  110.42  100 
 113.445  112.257  100 
 111.875  113.445  100 
 110.42  114.545  100 
 107.804  116.471  100 
 107.395  116.78  100 
 104.37  118.979  100 
 103.621  119.496  100 
 101.345  121.193  100 
 99.534  122.521  100 
 98.3193  123.486  100 
 95.521  125.546  100 
 95.2941  125.722  100 
 92.2689  127.752  100 
 90.7552  128.571  100 
 89.2437  129.423  100 
 86.2185  130.692  100 
 83.1933  131.509  100 
 82.4633  131.597  100 
 80.1681  131.889  100 
 77.1429  131.779  100 
 76.2358  131.597  100 
 74.1176  131.19  100 
 71.0924  130.119  100 
 68.1532  128.571  100 
 68.0672  128.527  100 
 65.042  126.479  100 
 63.9429  125.546  100 
 62.0168  123.931  100 
 60.6104  122.521  100 
 58.9916  120.9  100 
 57.7758  119.496  100 
 55.9664  117.406  100 
 55.2267  116.471  100 
 52.9412  113.636  100 
 52.7954  113.445  100 
 50.4126  110.42  100 
 49.916  109.804  100 
 48.0103  107.395  100 
 46.8908  106.003  100 
 45.567  104.37  100 
 43.8655  102.292  100 
 43.0628  101.345  100 
 40.8403  98.7458  100 
 40.4505  98.3193  100 
 37.8151  95.5022  100 
 37.5952  95.2941  100 
 34.7899  92.775  100 
 34.0943  92.2689  100 
 31.7647  90.7103  100 
 28.7395  89.3151  100 
 28.4911  89.2437  100 
 25.7143  88.5441  100 
 22.6891  88.2666  100 
 19.6639  88.3735  100 
 16.6387  88.7569  100 
 14.0287  89.2437  100 
 13.6134  89.3189  100 
 10.5882  90.0213  100 
 7.56303  90.7778  100 
 4.53782  91.5614  100 
 1.89743  92.2689  100 
 1.51261  92.3727  100 
-1.51261  93.2636  100 
-4.53782  94.1708  100 
-7.56303  95.0707  100 
-8.31213  95.2941  100 
-10.5882  96.0044  100 
-13.6134  96.9108  100 
-16.6387  97.7748  100 
-18.5403  98.3193  100 
-19.6639  98.6669  100 
-22.6891  99.6763  100 

 180 -72.2842  100 
 176.975 -72.9943  100 
 173.95 -73.5906  100 
 170.924 -73.9661  100 
 167.899 -74.0594  100 
 164.874 -73.8558  100 
 161.849 -73.3723  100 
 158.824 -72.6326  100 
 155.798 -71.6383  100 
 154.525 -71.0924  100 
 152.773 -70.5249  100 
 149.748 -69.3136  100 
 147.066 -68.0672  100 
 146.723 -67.9378  100 
 143.697 -66.6135  100 
 140.672 -65.1912  100 
 140.38 -65.042  100 
 137.647 -63.8839  100 
 134.622 -62.5546  100 
 133.527 -62.0168  100 
 131.597 -61.2098  100 
 128.571 -59.776  100 
 127.12 -58.9916  100 
 125.546 -58.2419  100 
 122.521 -56.6272  100 
 121.399 -55.9664  100 
 119.496 -54.9267  100 
 116.471 -53.0575  100 
 116.31 -52.9412  100 
 113.445 -50.891  100 
 112.294 -49.916  100 
 110.42 -48.2893  100 
 109.051 -46.8908  100 
 107.395 -45.116  100 
 106.385 -43.8655  100 
 104.37 -41.1878  100 
 104.14 -40.8403  100 
 102.387 -37.8151  100 
 101.345 -35.7191  100 
 100.942 -34.7899  100 
 99.7499 -31.7647  100 
 98.6209 -28.7395  100 
 98.3193 -27.8927  100 
 97.6062 -25.7143  100 
 96.6385 -22.6891  100 
 95.6828 -19.6639  100 
 95.2941 -18.4106  100 
 94.7709 -16.6387  100 
 93.8615 -13.6134  100 
 92.9025 -10.5882  100 
 92.2689 -8.66088  100 
 91.9183 -7.56303  100 
 90.9435 -4.53782  100 
 89.944 -1.51261  100 
 89.2437  0.611399  100 
 88.9488  1.51261  100 
 87.9893  4.53782  100 
 87.0201  7.56303  100 
 86.2185  10.0882  100 
 86.0578  10.5882  100 
 85.165  13.6134  100 
 84.329  16.6387  100 
 83.6247  19.6639  100 
 83.1933  22.5556  100 
 83.1727  22.6891  100 
 83.0704  25.7143  100 
 83.1933  27.0099  100 
 83.3871  28.7395  100 
 84.274  31.7647  100 
 85.8995  34.7899  100 
 86.2185  35.2073  100 
 88.4585  37.8151  100 
 89.2437  38.5301  100 
 91.9946  40.8403  100 
 92.2689  41.039  100 
 95.2941  43.1598  100 
 96.3402  43.8655  100 
 98.3193  45.118  100 
 101.169  46.8908  100 
 101.345  46.9977  100 
 104.37  48.8441  100 
 106.13  49.916  100 
 107.395  50.7078  100 
 110.42  52.588  100 
 111.005  52.9412  100 
 113.445  54.5092  100 
 115.792  55.9664  100 
 116.471  56.4257  100 
 119.496  58.365  100 
 120.534  58.9916  100 
 122.521  60.3291  100 
 125.194  62.0168  100 
 125.546  62.2703  100 
 128.571  64.2747  100 
 129.826  65.042  100 
 131.597  66.3097  100 
 134.256  68.0672  100 
 134.622  68.3611  100 
 137.647  70.5993  100 

-112.838 -52.9412  100 
-110.42 -51.4872  100 
-107.882 -49.916  100 
-107.395 -49.6229  100 
-104.37 -47.7496  100 
-103.002 -46.8908  100 
-101.345 -45.8496  100 
-98.3193 -43.9331  100 
-98.2122 -43.8655  100 
-95.2941 -41.9537  100 
-93.6317 -40.8403  100 
-92.2689 -39.842  100 
-89.6709 -37.8151  100 
-89.2437 -37.4195  100 
-86.6711 -34.7899  100 
-86.2185 -34.1636  100 
-84.6902 -31.7647  100 
-83.5724 -28.7395  100 
-83.1933 -26.2621  100 
-83.1207 -25.7143  100 
-83.1592 -22.6891  100 
-83.1933 -22.441  100 
-83.5481 -19.6639  100 
-84.1829 -16.6387  100 
-84.9929 -13.6134  100 
-85.9166 -10.5882  100 
-86.2185 -9.70884  100 
-86.9248 -7.56303  100 
-87.9522 -4.53782  100 
-88.9538 -1.51261  100 
-89.2437 -0.645109  100 
-89.9603  1.51261  100 
-90.9557  4.53782  100 
-91.9271  7.56303  100 
-92.2689  8.63281  100 
-92.9088  10.5882  100 
-93.8674  13.6134  100 
-94.7793  16.6387  100 
-95.2941  18.3746  100 
-95.6951  19.6639  100 
-96.6552  22.6891  100 
-97.6276  25.7143  100 
-98.3193  27.8277  100 
-98.6439  28.7395  100 
-99.7579  31.7647  100 
-100.914  34.7899  100 
-101.345  35.8368  100 
-102.27  37.8151  100 
-103.867  40.8403  100 
-104.37  41.6963  100 
-105.821  43.8655  100 
-107.395  46.081  100 
-108.062  46.8908  100 
-110.42  49.614  100 
-110.729  49.916  100 
-113.445  52.4625  100 
-114.055  52.9412  100 
-116.471  54.8044  100 
-118.259  55.9664  100 
-119.496  56.7799  100 
-122.521  58.4727  100 
-123.617  58.9916  100 
-125.546  59.9586  100 
-128.571  61.2598  100 
-130.614  62.0168  100 
-131.597  62.4216  100 
-134.622  63.5116  100 
-137.647  64.5454  100 
-139.118  65.042  100 
-140.672  65.6591  100 
-143.697  66.8911  100 
-146.482  68.0672  100 
-146.723  68.1936  100 
-149.748  69.7289  100 
-152.447  71.0924  100 
-152.773  71.3208  100 
-155.798  73.2084  100 
-157.492  74.1176  100 
-158.824  75.2693  100 
-161.761  77.1429  100 
-161.849  77.253  100 
-164.874  79.2793  100 
-167.899  79.9225  100 
-170.924  79.1046  100 
-173.441  77.1429  100 
-173.95  76.9328  100 
-176.975  75.3271  100 
-179.161  74.1176  100 
-180  73.774  100 

-4.53782 -91.9398  100 
-7.56303 -91.1962  100 
-10.5882 -90.4829  100 
-13.6134 -89.8255  100 
-16.6387 -89.274  100 
-16.9112 -89.2437  100 
-19.6639 -88.9251  100 
-22.6891 -88.8435  100 
-25.7143 -89.1328  100 
-26.1892 -89.2437  100 
-28.7395 -89.9225  100 
-31.7647 -91.3092  100 
-33.2244 -92.2689  100 
-34.7899 -93.3881  100 
-36.9051 -95.2941  100 
-37.8151 -96.1538  100 
-39.8097 -98.3193  100 
-40.8403 -99.4538  100 
-42.4269 -101.345  100 
-43.8655 -103.043  100 
-44.9496 -104.37  100 
-46.8908 -106.699  100 
-47.4709 -107.395  100 
-49.916 -110.276  100 
-50.0428 -110.42  100 
-52.7091 -113.445  100 
-52.9412 -113.713  100 
-55.5045 -116.471  100 
-55.9664 -116.983  100 
-58.4451 -119.496  100 
-58.9916 -120.081  100 
-61.4957 -122.521  100 
-62.0168 -123.058  100 
-64.7857 -125.546  100 
-65.042 -125.787  100 
-68.0672 -128.155  100 
-68.7549 -128.571  100 
-71.0924 -130.063  100 
-74.1176 -131.392  100 
-74.9926 -131.597  100 
-77.1429 -132.136  100 
-80.1681 -132.194  100 
-83.0296 -131.597  100 
-83.1933 -131.565  100 
-86.2185 -130.42  100 
-89.2437 -128.8  100 
-89.5887 -128.571  100 
-92.2689 -126.891  100 
-94.1196 -125.546  100 
-95.2941 -124.734  100 
-98.2086 -122.521  100 
-98.3193 -122.442  100 
-101.345 -120.297  100 
-102.517 -119.496  100 
-104.37 -118.317  100 
-107.11 -116.471  100 
-107.395 -116.279  100 
-110.42 -114.113  100 
-111.302 -113.445  100 
-113.445 -111.738  100 
-115.042 -110.42  100 
-116.471 -109.152  100 
-118.48 -107.395  100 
-119.496 -106.434  100 
-121.905 -104.37  100 
-122.521 -103.821  100 
-125.546 -101.554  100 
-125.869 -101.345  100 
-128.571 -99.5065  100 
-130.459 -98.3193  100 
-131.597 -97.4971  100 
-134.622 -95.3663  100 
-134.727 -95.2941  100 
-137.647 -92.6734  100 
-138.091 -92.2689  100 
-140.454 -89.2437  100 
-140.672 -88.7949  100 
-141.999 -86.2185  100 
-142.705 -83.1933  100 
-142.659 -80.1681  100 
-141.892 -77.1429  100 
-140.672 -74.7476  100 
-140.385 -74.1176  100 
-138.224 -71.0924  100 
-137.647 -70.5141  100 
-135.345 -68.0672  100 
-134.622 -67.4828  100 
-131.712 -65.042  100 
-131.597 -64.9646  100 
-128.571 -62.815  100 
-127.483 -62.0168  100 
-125.546 -60.8036  100 
-122.746 -58.9916  100 
-122.521 -58.862  100 
-119.496 -57.0171  100 
-117.839 -55.9664  100 
-116.471 -55.1675  100 
-113.445 -53.3257  100 
-112.838 -52.9412  100 

 180 -88.1887  100 
 176.975 -88.3592  100 
 173.95 -88.4179  100 
 170.924 -88.5792  100 
 167.899 -89.0522  100 
 167.309 -89.2437  100 
 164.874 -89.7731  100 
 161.849 -90.8779  100 
 159.367 -92.2689  100 
 158.824 -92.504  100 
 155.798 -94.3896  100 
 154.713 -95.2941  100 
 152.773 -96.6502  100 
 150.828 -98.3193  100 
 149.748 -99.111  100 
 147.081 -101.345  100 
 146.723 -101.602  100 
 143.697 -103.958  100 
 143.194 -104.37  100 
 140.672 -106.183  100 
 139.066 -107.395  100 
 137.647 -108.394  100 
 134.997 -110.42  100 
 134.622 -110.699  100 
 131.597 -113.151  100 
 131.258 -113.445  100 
 128.571 -115.771  100 
 127.799 -116.471  100 
 125.546 -118.501  100 
 124.456 -119.496  100 
 122.521 -121.212  100 
 120.984 -122.521  100 
 119.496 -123.754  100 
 117.229 -125.546  100 
 116.471 -126.153  100 
 113.445 -128.526  100 
 113.386 -128.571  100 
 110.42 -130.931  100 
 109.563 -131.597  100 
 107.395 -133.354  100 
 105.756 -134.622  100 
 104.37 -135.744  100 
 101.817 -137.647  100 
 101.345 -138.011  100 
 98.3193 -140.005  100 
 97.0645 -140.672  100 
 95.2941 -141.638  100 
 92.2689 -142.943  100 
 89.8191 -143.697  100 
 89.2437 -143.886  100 
 86.2185 -144.428  100 
 83.1933 -144.454  100 
 80.1681 -143.862  100 
 79.7843 -143.697  100 
 77.1429 -142.59  100 
 74.3185 -140.672  100 
 74.1176 -140.537  100 
 71.0924 -137.842  100 
 70.9169 -137.647  100 
 68.0821 -134.622  100 
 68.0672 -134.607  100 
 65.5489 -131.597  100 
 65.042 -131.036  100 
 63.11 -128.571  100 
 62.0168 -127.302  100 
 60.666 -125.546  100 
 58.9916 -123.577  100 
 58.1698 -122.521  100 
 55.9664 -119.945  100 
 55.5992 -119.496  100 
 52.9412 -116.608  100 
 52.8142 -116.471  100 
 49.916 -113.738  100 
 49.5949 -113.445  100 
 46.8908 -111.311  100 
 45.7006 -110.42  100 
 43.8655 -109.216  100 
 40.9181 -107.395  100 
 40.8403 -107.352  100 
 37.8151 -105.807  100 
 34.7899 -104.378  100 
 34.77 -104.37  100 
 31.7647 -103.178  100 
 28.7395 -102.018  100 
 26.9408 -101.345  100 
 25.7143 -100.92  100 
 22.6891 -99.9011  100 
 19.6639 -98.9086  100 
 17.7554 -98.3193  100 
 16.6387 -97.9944  100 
 13.6134 -97.1359  100 
 10.5882 -96.2498  100 
 7.56303 -95.3279  100 
 7.44978 -95.2941  100 
 4.53782 -94.4584  100 
 1.51261 -93.5901  100 
-1.51261 -92.7406  100 
-3.29089 -92.2689  100 
-4.53782 -91.9398  100 


# Contour 6, label:       50
-98.9639 -7.56303  50 
-98.8023 -10.5882  50 
-98.8526 -13.6134  50 
-99.2138 -16.6387  50 
-100.037 -19.6639  50 

-100.037 -19.6639  50 
-101.345 -22.3328  50 
-101.567 -22.6891  50 
-104.099 -25.7143  50 
-104.37 -25.9797  50 
-107.395 -28.5095  50 
-107.715 -28.7395  50 
-110.42 -30.5099  50 
-112.58 -31.7647  50 
-113.445 -32.2424  50 
-116.471 -33.7171  50 
-118.971 -34.7899  50 
-119.496 -35.0098  50 
-122.521 -36.0412  50 
-125.546 -36.8715  50 
-128.571 -37.5265  50 
-130.379 -37.8151  50 
-131.597 -38.0067  50 
-134.622 -38.3129  50 
-137.647 -38.4462  50 
-140.672 -38.3539  50 
-143.697 -37.98  50 
-144.522 -37.8151  50 
-146.723 -37.259  50 
-149.748 -36.1409  50 
-152.349 -34.7899  50 
-152.773 -34.4624  50 
-155.394 -31.7647  50 
-155.798 -30.9584  50 
-156.704 -28.7395  50 
-157.165 -25.7143  50 
-157.204 -22.6891  50 
-157.082 -19.6639  50 
-156.946 -16.6387  50 
-156.822 -13.6134  50 
-156.741 -10.5882  50 
-156.745 -7.56303  50 
-156.876 -4.53782  50 
-157.183 -1.51261  50 
-157.739  1.51261  50 
-158.552  4.53782  50 
-158.824  5.37917  50 
-159.542  7.56303  50 
-160.629  10.5882  50 
-161.759  13.6134  50 
-161.849  13.8575  50 
-162.912  16.6387  50 
-164.028  19.6639  50 
-164.874  22.1694  50 
-165.058  22.6891  50 
-165.926  25.7143  50 
-166.518  28.7395  50 
-166.718  31.7647  50 
-166.374  34.7899  50 
-165.288  37.8151  50 
-164.874  38.452  50 
-163.166  40.8403  50 
-161.849  42.0228  50 
-159.302  43.8655  50 
-158.824  44.1296  50 
-155.798  45.486  50 
-152.773  46.5159  50 
-151.339  46.8908  50 
-149.748  47.2403  50 
-146.723  47.719  50 
-143.697  48.0071  50 
-140.672  48.1149  50 
-137.647  48.0442  50 
-134.622  47.7916  50 
-131.597  47.3464  50 
-129.519  46.8908  50 
-128.571  46.6738  50 
-125.546  45.7101  50 
-122.521  44.4489  50 
-121.452  43.8655  50 
-119.496  42.7175  50 
-117.025  40.8403  50 
-116.471  40.3655  50 
-114.041  37.8151  50 
-113.445  37.1133  50 
-111.789  34.7899  50 
-110.42  32.6455  50 
-109.941  31.7647  50 
-108.466  28.7395  50 
-107.395  26.345  50 
-107.148  25.7143  50 
-106.068  22.6891  50 
-105.054  19.6639  50 
-104.37  17.4525  50 
-104.144  16.6387  50 
-103.369  13.6134  50 
-102.592  10.5882  50 
-101.786  7.56303  50 
-101.345  5.92416  50 
-101.005  4.53782  50 
-100.301  1.51261  50 
-99.7096 -1.51261  50 
-99.2746 -4.53782  50 
-98.9639 -7.56303  50 

 167.312 -31.7647  50 
 166.991 -34.7899  50 
 165.817 -37.8151  50 

 165.817 -37.8151  50 
 164.874 -39.0819  50 
 163.387 -40.8403  50 
 161.849 -42.0062  50 
 158.824 -43.7423  50 
 158.536 -43.8655  50 
 155.798 -44.8051  50 
 152.773 -45.5628  50 
 149.748 -46.0964  50 
 146.723 -46.4439  50 
 143.697 -46.6312  50 
 140.672 -46.6732  50 
 137.647 -46.5732  50 
 134.622 -46.3246  50 
 131.597 -45.9137  50 
 128.571 -45.3211  50 
 125.546 -44.521  50 
 123.69 -43.8655  50 
 122.521 -43.4311  50 
 119.496 -41.9108  50 
 117.908 -40.8403  50 
 116.471 -39.7244  50 
 114.468 -37.8151  50 
 113.445 -36.6952  50 
 111.976 -34.7899  50 
 110.42 -32.4764  50 
 110.012 -31.7647  50 
 108.497 -28.7395  50 
 107.395 -26.2837  50 
 107.172 -25.7143  50 
 106.109 -22.6891  50 
 105.125 -19.6639  50 
 104.37 -17.1433  50 
 104.234 -16.6387  50 
 103.488 -13.6134  50 
 102.744 -10.5882  50 
 101.976 -7.56303  50 
 101.345 -5.13538  50 
 101.203 -4.53782  50 
 100.533 -1.51261  50 
 99.9671  1.51261  50 
 99.5483  4.53782  50 
 99.2529  7.56303  50 
 99.1058  10.5882  50 
 99.1638  13.6134  50 
 99.5123  16.6387  50 
 100.27  19.6639  50 
 101.345  22.1663  50 
 101.623  22.6891  50 
 103.804  25.7143  50 
 104.37  26.344  50 
 106.89  28.7395  50 
 107.395  29.157  50 
 110.42  31.3523  50 
 111.068  31.7647  50 
 113.445  33.1696  50 
 116.471  34.7756  50 
 116.502  34.7899  50 
 119.496  36.0868  50 
 122.521  37.1759  50 
 124.798  37.8151  50 
 125.546  38.0172  50 
 128.571  38.6301  50 
 131.597  39.0754  50 
 134.622  39.3479  50 
 137.647  39.4278  50 
 140.672  39.2667  50 
 143.697  38.8076  50 
 146.723  38.0379  50 
 147.377  37.8151  50 
 149.748  36.7777  50 
 152.773  34.9223  50 
 152.95  34.7899  50 
 155.601  31.7647  50 
 155.798  31.3744  50 
 156.917  28.7395  50 
 157.488  25.7143  50 
 157.64  22.6891  50 
 157.599  19.6639  50 
 157.508  16.6387  50 
 157.402  13.6134  50 
 157.321  10.5882  50 
 157.313  7.56303  50 
 157.424  4.53782  50 
 157.708  1.51261  50 
 158.252 -1.51261  50 
 158.824 -3.64586  50 
 159.069 -4.53782  50 
 160.052 -7.56303  50 
 161.113 -10.5882  50 
 161.849 -12.6272  50 
 162.218 -13.6134  50 
 163.341 -16.6387  50 
 164.439 -19.6639  50 
 164.874 -20.9662  50 
 165.483 -22.6891  50 
 166.389 -25.7143  50 
 167.045 -28.7395  50 
 167.312 -31.7647  50 

-108.339 -180  50 
-107.446 -176.975  50 
-107.395 -176.819  50 
-106.402 -173.95  50 
-105.296 -170.924  50 
-104.37 -168.243  50 
-104.24 -167.899  50 
-103.388 -164.874  50 
-102.987 -161.849  50 
-103.351 -158.824  50 
-104.37 -156.234  50 
-104.539 -155.798  50 
-106.326 -152.773  50 
-107.395 -151.327  50 
-108.552 -149.748  50 
-110.42 -147.563  50 
-111.14 -146.723  50 
-113.445 -144.32  50 
-114.048 -143.697  50 
-116.471 -141.4  50 
-117.245 -140.672  50 
-119.496 -138.67  50 
-120.639 -137.647  50 
-122.521 -136.047  50 
-124.217 -134.622  50 
-125.546 -133.562  50 
-128.075 -131.597  50 
-128.571 -131.228  50 
-131.597 -129.064  50 
-132.321 -128.571  50 
-134.622 -127.074  50 
-137.139 -125.546  50 
-137.647 -125.252  50 
-140.672 -123.651  50 
-143.084 -122.521  50 
-143.697 -122.249  50 
-146.723 -121.073  50 
-149.748 -120.074  50 
-151.908 -119.496  50 
-152.773 -119.275  50 
-155.798 -118.719  50 
-158.824 -118.435  50 
-161.849 -118.524  50 
-164.874 -118.951  50 
-167.398 -119.496  50 
-167.899 -119.61  50 
-170.924 -120.459  50 
-173.95 -121.425  50 
-176.975 -122.487  50 
-177.066 -122.521  50 
-180 -123.689  50 

-106.667  180  50 
-106.987  176.975  50 
-107.395  174.23  50 
-107.435  173.95  50 
-108.035  170.924  50 
-108.833  167.899  50 
-109.875  164.874  50 
-110.42  163.656  50 
-111.201  161.849  50 
-112.868  158.824  50 
-113.445  157.985  50 
-114.963  155.798  50 
-116.471  153.996  50 
-117.531  152.773  50 
-119.496  150.759  50 
-120.499  149.748  50 
-122.521  147.837  50 
-123.684  146.723  50 
-125.546  144.985  50 
-126.907  143.697  50 
-128.571  142.147  50 
-130.187  140.672  50 
-131.597  139.437  50 
-133.758  137.647  50 
-134.622  136.98  50 
-137.647  134.846  50 
-138.001  134.622  50 
-140.672  133.019  50 
-143.238  131.597  50 
-143.697  131.347  50 
-146.723  129.797  50 
-149.197  128.571  50 
-149.748  128.296  50 
-152.773  126.891  50 
-155.798  125.588  50 
-155.913  125.546  50 
-158.824  124.477  50 
-161.849  123.597  50 
-164.874  122.973  50 
-167.899  122.56  50 
-168.403  122.521  50 
-170.924  122.332  50 
-173.95  122.251  50 
-176.975  122.31  50 
-179.748  122.521  50 
-180  122.542  50 

 29.8962  180  50 
 28.7395  178.912  50 
 26.9931  176.975  50 
 25.7143  175.503  50 
 24.4754  173.95  50 
 22.6891  171.833  50 
 21.9313  170.924  50 
 19.6639  168.537  50 
 19.008  167.899  50 
 16.6387  165.926  50 
 15.1174  164.874  50 
 13.6134  163.976  50 
 10.5882  162.592  50 
 8.13133  161.849  50 
 7.56303  161.694  50 
 4.53782  161.264  50 
 1.51261  161.319  50 
-0.959216  161.849  50 
-1.51261  161.967  50 
-4.53782  163.175  50 
-7.56303  164.734  50 
-7.79312  164.874  50 
-10.5882  166.574  50 
-12.5689  167.899  50 
-13.6134  168.613  50 
-16.6387  170.769  50 
-16.8588  170.924  50 
-19.6639  172.987  50 
-21.0353  173.95  50 
-22.6891  175.17  50 
-25.3598  176.975  50 
-25.7143  177.228  50 
-28.7395  179.064  50 
-30.7229  180  50 

 30.0172 -180  50 
 28.7395 -179.384  50 
 25.7143 -177.548  50 
 24.9019 -176.975  50 
 22.6891 -175.522  50 
 20.4775 -173.95  50 
 19.6639 -173.407  50 
 16.6387 -171.295  50 
 16.1135 -170.924  50 
 13.6134 -169.244  50 
 11.5478 -167.899  50 
 10.5882 -167.293  50 
 7.56303 -165.536  50 
 6.22982 -164.874  50 
 4.53782 -164.032  50 
 1.51261 -162.871  50 
-1.51261 -162.216  50 
-4.53782 -162.152  50 
-7.56303 -162.56  50 
-10.5882 -163.391  50 
-13.6134 -164.648  50 
-14.0526 -164.874  50 
-16.6387 -166.46  50 
-18.5487 -167.899  50 
-19.6639 -168.91  50 
-21.7095 -170.924  50 
-22.6891 -172.05  50 
-24.3761 -173.95  50 
-25.7143 -175.567  50 
-27.0005 -176.975  50 
-28.7395 -178.817  50 
-30.0711 -180  50 

 44.8409  180  50 
 46.4205  176.975  50 
 46.8908  175.674  50 
 47.4131  173.95  50 
 48.04  170.924  50 
 48.4003  167.899  50 
 48.4651  164.874  50 
 48.2013  161.849  50 
 47.6025  158.824  50 
 46.8908  156.426  50 
 46.6961  155.798  50 
 45.5252  152.773  50 
 44.2877  149.748  50 
 43.8655  148.761  50 
 42.9924  146.723  50 
 41.7428  143.697  50 
 40.8403  141.417  50 
 40.5461  140.672  50 
 39.3281  137.647  50 
 38.1499  134.622  50 
 37.8151  133.802  50 
 36.898  131.597  50 
 35.5785  128.571  50 
 34.7899  126.922  50 
 34.0988  125.546  50 
 32.3642  122.521  50 
 31.7647  121.617  50 
 30.2885  119.496  50 
 28.7395  117.524  50 
 27.863  116.471  50 
 25.7143  114.186  50 
 24.9529  113.445  50 
 22.6891  111.525  50 
 21.1886  110.42  50 
 19.6639  109.463  50 
 16.6387  107.943  50 
 15.1915  107.395  50 
 13.6134  106.908  50 
 10.5882  106.278  50 
 7.56303  105.923  50 
 4.53782  105.807  50 
 1.51261  105.912  50 
-1.51261  106.22  50 
-4.53782  106.67  50 
-7.56303  107.189  50 
-8.6308  107.395  50 
-10.5882  107.816  50 
-13.6134  108.52  50 
-16.6387  109.281  50 
-19.6639  110.122  50 
-20.5967  110.42  50 
-22.6891  111.17  50 
-25.7143  112.371  50 
-28.1927  113.445  50 
-28.7395  113.716  50 
-31.7647  115.393  50 
-33.5315  116.471  50 
-34.7899  117.359  50 
-37.5147  119.496  50 
-37.8151  119.777  50 
-40.3697  122.521  50 
-40.8403  123.125  50 
-42.5291  125.546  50 
-43.8655  127.718  50 
-44.3575  128.571  50 
-45.8914  131.597  50 
-46.8908  133.795  50 
-47.2538  134.622  50 
-48.4112  137.647  50 
-49.4496  140.672  50 
-49.916  142.216  50 
-50.3707  143.697  50 
-51.1872  146.723  50 
-51.9025  149.748  50 
-52.4751  152.773  50 
-52.8509  155.798  50 
-52.9412  158.042  50 
-52.9745  158.824  50 
-52.9412  159.435  50 
-52.7984  161.849  50 
-52.2808  164.874  50 
-51.3975  167.899  50 
-50.153  170.924  50 
-49.916  171.405  50 
-48.4484  173.95  50 
-46.8908  176.248  50 
-46.2581  176.975  50 
-43.8655  179.39  50 
-42.9396  180  50 

 44.2163 -180  50 
 46.8908 -177.394  50 
 47.214 -176.975  50 
 49.2733 -173.95  50 
 49.916 -172.854  50 
 50.871 -170.924  50 
 52.0871 -167.899  50 
 52.9412 -164.975  50 
 52.9678 -164.874  50 
 53.5081 -161.849  50 
 53.7558 -158.824  50 
 53.7431 -155.798  50 
 53.5044 -152.773  50 
 53.0771 -149.748  50 
 52.9412 -149.076  50 
 52.4907 -146.723  50 
 51.7793 -143.697  50 
 50.9592 -140.672  50 
 50.0205 -137.647  50 
 49.916 -137.366  50 
 48.8976 -134.622  50 
 47.6032 -131.597  50 
 46.8908 -130.168  50 
 46.0714 -128.571  50 
 44.279 -125.546  50 
 43.8655 -124.953  50 
 42.0671 -122.521  50 
 40.8403 -121.129  50 
 39.2144 -119.496  50 
 37.8151 -118.345  50 
 35.2602 -116.471  50 
 34.7899 -116.173  50 
 31.7647 -114.456  50 
 29.8166 -113.445  50 
 28.7395 -112.955  50 
 25.7143 -111.717  50 
 22.6891 -110.59  50 
 22.1565 -110.42  50 
 19.6639 -109.699  50 
 16.6387 -108.937  50 
 13.6134 -108.267  50 
 10.5882 -107.666  50 
 9.04634 -107.395  50 
 7.56303 -107.156  50 
 4.53782 -106.73  50 
 1.51261 -106.37  50 
-1.51261 -106.129  50 
-4.53782 -106.055  50 
-7.56303 -106.167  50 
-10.5882 -106.486  50 
-13.6134 -107.05  50 
-14.8592 -107.395  50 
-16.6387 -107.985  50 
-19.6639 -109.335  50 
-21.5715 -110.42  50 
-22.6891 -111.152  50 
-25.6631 -113.445  50 
-25.7143 -113.49  50 
-28.7395 -116.438  50 
-28.7706 -116.471  50 
-31.3523 -119.496  50 
-31.7647 -120.039  50 
-33.563 -122.521  50 
-34.7899 -124.434  50 
-35.4724 -125.546  50 
-37.1111 -128.571  50 
-37.8151 -130.025  50 
-38.5602 -131.597  50 
-39.8608 -134.622  50 
-40.8403 -137.083  50 
-41.064 -137.647  50 
-42.1107 -140.672  50 
-43.0704 -143.697  50 
-43.8655 -146.377  50 
-43.9687 -146.723  50 
-44.7589 -149.748  50 
-45.4896 -152.773  50 
-46.1373 -155.798  50 
-46.6583 -158.824  50 
-46.8908 -160.876  50 
-46.9949 -161.849  50 
-47.1281 -164.874  50 
-47.0797 -167.899  50 
-46.8908 -170.336  50 
-46.8358 -170.924  50 
-46.2989 -173.95  50 
-45.4291 -176.975  50 
-44.0383 -180  50 

 180  122.53  50 
 179.98  122.521  50 
 176.975  121.245  50 
 173.95  120.023  50 
 172.583  119.496  50 
 170.924  118.896  50 
 167.899  117.89  50 
 164.874  117.031  50 
 162.137  116.471  50 
 161.849  116.415  50 
 158.824  116.16  50 
 155.798  116.259  50 
 154.164  116.471  50 
 152.773  116.665  50 
 149.748  117.343  50 
 146.723  118.239  50 
 143.697  119.324  50 
 143.292  119.496  50 
 140.672  120.7  50 
 137.647  122.339  50 
 137.343  122.521  50 
 134.622  124.252  50 
 132.647  125.546  50 
 131.597  126.263  50 
 128.571  128.381  50 
 128.311  128.571  50 
 125.546  130.66  50 
 124.371  131.597  50 
 122.521  133.117  50 
 120.825  134.622  50 
 119.496  135.858  50 
 117.754  137.647  50 
 116.471  139.098  50 
 115.169  140.672  50 
 113.445  142.968  50 
 112.907  143.697  50 
 110.851  146.723  50 
 110.42  147.423  50 
 108.953  149.748  50 
 107.395  152.54  50 
 107.258  152.773  50 
 105.821  155.798  50 
 104.786  158.824  50 
 104.37  161.249  50 
 104.262  161.849  50 
 104.251  164.874  50 
 104.37  165.806  50 
 104.622  167.899  50 
 105.235  170.924  50 
 105.985  173.95  50 
 106.771  176.975  50 
 107.395  179.511  50 
 107.513  180  50 

 180 -123.749  50 
 176.975 -123.377  50 
 173.95 -123.13  50 
 170.924 -122.993  50 
 167.899 -122.973  50 
 164.874 -123.085  50 
 161.849 -123.353  50 
 158.824 -123.802  50 
 155.798 -124.438  50 
 152.773 -125.251  50 
 151.887 -125.546  50 
 149.748 -126.283  50 
 146.723 -127.547  50 
 144.69 -128.571  50 
 143.697 -129.086  50 
 140.672 -130.937  50 
 139.727 -131.597  50 
 137.647 -133.058  50 
 135.598 -134.622  50 
 134.622 -135.378  50 
 131.841 -137.647  50 
 131.597 -137.853  50 
 128.571 -140.483  50 
 128.357 -140.672  50 
 125.546 -143.3  50 
 125.132 -143.697  50 
 122.521 -146.374  50 
 122.191 -146.723  50 
 119.498 -149.748  50 
 117.023 -152.773  50 
 116.471 -153.507  50 
 114.746 -155.798  50 
 113.445 -157.744  50 
 112.709 -158.824  50 
 110.955 -161.849  50 
 110.42 -162.978  50 
 109.498 -164.874  50 
 108.354 -167.899  50 
 107.497 -170.924  50 
 107.395 -171.419  50 
 106.861 -173.95  50 
 106.403 -176.975  50 
 106.055 -180  50 

