
# Surface 0 of 1 surfaces

# Curve title: "filename using 2:3:( ($6 != 0 ? -$6 : 1.6) )"

# Contour 0, label:      1.3
 21.0251 -20  1.3 
 20 -21.5002  1.3 
 16.3636 -22.6329  1.3 
 12.7273 -21.8849  1.3 
 9.09091 -20.4649  1.3 
 8.16796 -20  1.3 
 5.45455 -18.5866  1.3 
 1.81818 -16.7296  1.3 
 1.14619 -16.3636  1.3 
-1.81818 -14.8095  1.3 
-5.31035 -12.7273  1.3 
-5.45455 -12.6391  1.3 
-9.09091 -9.85775  1.3 
-9.966 -9.09091  1.3 
-12.7273 -6.38246  1.3 
-13.6219 -5.45455  1.3 
-16.3636 -2.17328  1.3 
-16.6612 -1.81818  1.3 
-19.5971  1.81818  1.3 
-20  2.28908  1.3 
-22.8007  5.45455  1.3 
-23.6364  6.43976  1.3 
-25.6601  9.09091  1.3 
-27.2727  11.5922  1.3 
-27.9251  12.7273  1.3 
-29.3603  16.3636  1.3 
-30.0354  20  1.3 
-29.8334  23.6364  1.3 
-28.006  27.2727  1.3 
-27.2727  27.8951  1.3 
-23.6364  29.2328  1.3 
-20  29.3391  1.3 
-16.3636  28.737  1.3 
-12.7273  27.5127  1.3 
-12.2428  27.2727  1.3 
-9.09091  25.2774  1.3 
-7.14463  23.6364  1.3 
-5.45455  21.9022  1.3 
-3.84466  20  1.3 
-1.81818  17.8232  1.3 
-0.3837  16.3636  1.3 
 1.81818  14.3537  1.3 
 3.47807  12.7273  1.3 
 5.45455  10.7807  1.3 
 6.9232  9.09091  1.3 
 9.09091  6.33114  1.3 
 9.71188  5.45455  1.3 
 11.8717  1.81818  1.3 
 12.7273  0.111919  1.3 
 13.7175 -1.81818  1.3 
 15.5536 -5.45455  1.3 
 16.3636 -7.01197  1.3 
 17.5115 -9.09091  1.3 
 19.5027 -12.7273  1.3 
 20 -13.8069  1.3 
 20.9053 -16.3636  1.3 
 21.0251 -20  1.3 


# Contour 1, label:      1.4
 33.6362  5.45455  1.4 
 34.5455  3.43004  1.4 
 35.2103  1.81818  1.4 
 36.8639 -1.81818  1.4 
 38.1818 -4.49057  1.4 
 38.7241 -5.45455  1.4 
 40.4296 -9.09091  1.4 
 41.5851 -12.7273  1.4 
 41.8182 -13.8295  1.4 
 42.4186 -16.3636  1.4 
 43.2283 -20  1.4 
 44.2871 -23.6364  1.4 
 45.2831 -27.2727  1.4 
 45.4545 -28.0923  1.4 
 45.9926 -30.9091  1.4 
 46.2773 -34.5455  1.4 
 45.9948 -38.1818  1.4 

 45.9948 -38.1818  1.4 
 45.4545 -39.9604  1.4 
 44.7558 -41.8182  1.4 
 41.8182 -45.3531  1.4 
 41.6652 -45.4545  1.4 
 38.1818 -47.1808  1.4 
 34.5455 -48.0119  1.4 
 30.9091 -48.2521  1.4 
 27.2727 -48.0979  1.4 
 23.6364 -47.6992  1.4 
 20 -47.1818  1.4 
 16.3636 -46.5921  1.4 
 12.7273 -45.7835  1.4 
 11.7682 -45.4545  1.4 
 9.09091 -44.5132  1.4 
 5.45455 -42.5518  1.4 
 4.40694 -41.8182  1.4 
 1.81818 -40.2473  1.4 
-1.81818 -38.2894  1.4 
-2.06711 -38.1818  1.4 
-5.45455 -36.8163  1.4 
-9.09091 -35.236  1.4 
-10.44 -34.5455  1.4 
-12.7273 -33.1386  1.4 
-15.3144 -30.9091  1.4 
-16.3636 -29.8685  1.4 
-18.5339 -27.2727  1.4 
-20 -25.5999  1.4 
-21.8984 -23.6364  1.4 
-23.6364 -22.1618  1.4 
-26.9215 -20  1.4 
-27.2727 -19.7836  1.4 
-30.9091 -17.6113  1.4 
-32.9153 -16.3636  1.4 
-34.5455 -14.9813  1.4 
-36.4795 -12.7273  1.4 
-38.1818 -10.184  1.4 
-38.8042 -9.09091  1.4 
-41.0134 -5.45455  1.4 
-41.8182 -4.27584  1.4 
-44.0083 -1.81818  1.4 
-45.4545 -0.5316  1.4 
-48.63  1.81818  1.4 
-49.0909  2.19582  1.4 
-52.5354  5.45455  1.4 
-52.7273  5.73295  1.4 
-54.2811  9.09091  1.4 
-55.3469  12.7273  1.4 
-56.1589  16.3636  1.4 
-56.3636  17.8338  1.4 
-56.5943  20  1.4 
-56.5701  23.6364  1.4 
-56.3636  26.2034  1.4 
-56.2601  27.2727  1.4 
-55.733  30.9091  1.4 
-55.017  34.5455  1.4 
-54.0688  38.1818  1.4 
-52.8124  41.8182  1.4 
-52.7273  42.0012  1.4 
-50.7681  45.4545  1.4 
-49.0909  47.3211  1.4 
-46.8824  49.0909  1.4 
-45.4545  49.9208  1.4 
-41.8182  51.4649  1.4 
-38.1818  52.643  1.4 
-37.8754  52.7273  1.4 
-34.5455  53.598  1.4 
-30.9091  54.3361  1.4 
-27.2727  54.6195  1.4 
-23.6364  53.9452  1.4 
-21.7783  52.7273  1.4 
-20  51.4498  1.4 
-17.6552  49.0909  1.4 
-16.3636  48.0219  1.4 
-12.9309  45.4545  1.4 
-12.7273  45.3329  1.4 
-9.09091  43.389  1.4 
-5.45455  41.9922  1.4 
-4.89504  41.8182  1.4 
-1.81818  40.7515  1.4 
 1.81818  39.4394  1.4 
 5.02236  38.1818  1.4 
 5.45455  37.9499  1.4 
 9.09091  36.0506  1.4 
 11.7499  34.5455  1.4 
 12.7273  33.6764  1.4 
 15.2012  30.9091  1.4 
 16.3636  28.9675  1.4 
 17.2565  27.2727  1.4 
 19.0416  23.6364  1.4 
 20  21.8859  1.4 
 21.3585  20  1.4 
 23.6364  17.7136  1.4 
 25.2192  16.3636  1.4 
 27.2727  14.4621  1.4 
 29.0901  12.7273  1.4 
 30.9091  10.4035  1.4 
 31.7738  9.09091  1.4 
 33.6362  5.45455  1.4 


# Contour 2, label:      1.5
-45.4545  69.5951  1.5 
-41.8182  70.2704  1.5 
-38.1818  70.4527  1.5 
-34.5455  70.1347  1.5 
-30.9091  69.5034  1.5 
-27.2727  68.698  1.5 
-23.6364  67.7222  1.5 
-22.449  67.2727  1.5 
-20  66.4008  1.5 
-16.3636  64.221  1.5 
-15.7059  63.6364  1.5 
-12.7273  60.4229  1.5 
-12.3976  60  1.5 
-9.52673  56.3636  1.5 
-9.09091  55.8874  1.5 
-5.56623  52.7273  1.5 
-5.45455  52.6461  1.5 
-1.81818  50.6735  1.5 
 1.81818  49.444  1.5 
 3.41752  49.0909  1.5 
 5.45455  48.6217  1.5 
 9.09091  48.0225  1.5 
 12.7273  47.4896  1.5 
 16.3636  46.8085  1.5 
 20  45.6137  1.5 
 20.2862  45.4545  1.5 
 23.6364  43.1943  1.5 
 24.9486  41.8182  1.5 
 27.2727  38.6303  1.5 
 27.568  38.1818  1.5 
 29.9798  34.5455  1.5 
 30.9091  33.346  1.5 
 33.1629  30.9091  1.5 
 34.5455  29.6689  1.5 
 37.7878  27.2727  1.5 
 38.1818  26.9993  1.5 
 41.8182  24.2814  1.5 
 42.5154  23.6364  1.5 
 45.4545  20.0884  1.5 
 45.5185  20  1.5 
 47.7062  16.3636  1.5 
 49.0909  14.1353  1.5 
 50.0938  12.7273  1.5 
 52.7273  9.6696  1.5 
 53.3524  9.09091  1.5 
 56.3636  6.58273  1.5 
 57.881  5.45455  1.5 
 60  3.78407  1.5 
 61.9584  1.81818  1.5 
 63.6364 -0.827391  1.5 
 64.1873 -1.81818  1.5 
 65.4969 -5.45455  1.5 
 66.6487 -9.09091  1.5 
 67.2727 -11.1791  1.5 
 67.8214 -12.7273  1.5 
 69.0302 -16.3636  1.5 
 70.0182 -20  1.5 
 70.3355 -23.6364  1.5 
 69.8459 -27.2727  1.5 
 68.8231 -30.9091  1.5 
 67.5877 -34.5455  1.5 

 67.5877 -34.5455  1.5 
 67.2727 -35.4369  1.5 
 66.4182 -38.1818  1.5 
 65.3926 -41.8182  1.5 
 64.5183 -45.4545  1.5 
 63.6514 -49.0909  1.5 
 63.6364 -49.1444  1.5 
 62.5834 -52.7273  1.5 
 61.1375 -56.3636  1.5 
 60 -58.3397  1.5 
 58.5941 -60  1.5 
 56.3636 -61.6632  1.5 
 52.7273 -63.6284  1.5 
 52.7086 -63.6364  1.5 
 49.0909 -65.0386  1.5 
 45.4545 -66.279  1.5 
 42.3604 -67.2727  1.5 
 41.8182 -67.4556  1.5 
 38.1818 -68.6821  1.5 
 34.5455 -69.9501  1.5 
 31.5946 -70.9091  1.5 
 30.9091 -71.1702  1.5 
 27.2727 -72.1954  1.5 
 23.6364 -72.5603  1.5 
 20 -71.7748  1.5 
 18.3286 -70.9091  1.5 
 16.3636 -70.1517  1.5 
 12.7273 -68.5047  1.5 
 9.7487 -67.2727  1.5 
 9.09091 -67.0543  1.5 
 5.45455 -65.7807  1.5 
 1.81818 -64.4433  1.5 
 0.312398 -63.6364  1.5 
-1.81818 -62.3496  1.5 
-4.30517 -60  1.5 
-5.45455 -58.6119  1.5 
-7.21131 -56.3636  1.5 
-9.09091 -54.1578  1.5 
-10.439 -52.7273  1.5 
-12.7273 -50.7493  1.5 
-15.0218 -49.0909  1.5 
-16.3636 -48.2375  1.5 
-20 -45.9781  1.5 
-20.7168 -45.4545  1.5 
-23.6364 -43.0364  1.5 
-24.7759 -41.8182  1.5 
-27.2727 -38.5762  1.5 
-27.5602 -38.1818  1.5 
-30.3622 -34.5455  1.5 
-30.9091 -33.9473  1.5 
-34.2013 -30.9091  1.5 
-34.5455 -30.6424  1.5 
-38.1818 -28.166  1.5 
-39.5169 -27.2727  1.5 
-41.8182 -25.6671  1.5 
-44.0878 -23.6364  1.5 
-45.4545 -22.0924  1.5 
-47.0497 -20  1.5 
-49.0909 -17.0187  1.5 
-49.5583 -16.3636  1.5 
-52.6143 -12.7273  1.5 
-52.7273 -12.6141  1.5 
-56.3636 -9.60691  1.5 
-57.1124 -9.09091  1.5 
-60 -7.08499  1.5 
-62.0974 -5.45455  1.5 
-63.6364 -3.88271  1.5 
-65.2003 -1.81818  1.5 
-66.7024  1.81818  1.5 
-67.2727  4.64194  1.5 
-67.4306  5.45455  1.5 
-67.7809  9.09091  1.5 
-68.0018  12.7273  1.5 
-68.2527  16.3636  1.5 
-68.6402  20  1.5 
-69.2712  23.6364  1.5 
-70.281  27.2727  1.5 
-70.9091  28.9633  1.5 
-71.832  30.9091  1.5 
-73.9802  34.5455  1.5 
-74.5455  35.56  1.5 
-76.398  38.1818  1.5 
-77.4875  41.8182  1.5 
-76.4546  45.4545  1.5 
-74.5455  48.9649  1.5 
-74.4786  49.0909  1.5 
-72.0433  52.7273  1.5 
-70.9091  54.3034  1.5 
-69.454  56.3636  1.5 
-67.2727  59.0919  1.5 
-66.4913  60  1.5 
-63.6364  62.587  1.5 
-62.1158  63.6364  1.5 
-60  64.8368  1.5 
-56.3636  66.3339  1.5 
-53.5471  67.2727  1.5 
-52.7273  67.5527  1.5 
-49.0909  68.6367  1.5 
-45.4545  69.5951  1.5 

-180 -8.37038  1.5 
-179.283 -5.45455  1.5 
-178.456 -1.81818  1.5 
-177.99  1.81818  1.5 
-177.924  5.45455  1.5 
-178.115  9.09091  1.5 
-178.838  12.7273  1.5 
-180  14.965  1.5 

 12.0106  180  1.5 
 10.392  176.364  1.5 
 9.09091  174.284  1.5 
 7.72837  172.727  1.5 
 5.45455  170.74  1.5 
 1.94755  169.091  1.5 
 1.81818  169.039  1.5 
-1.81818  168.58  1.5 
-5.45455  169.069  1.5 
-5.51366  169.091  1.5 
-9.09091  170.472  1.5 
-12.7273  172.647  1.5 
-12.826  172.727  1.5 
-16.3636  175.82  1.5 
-16.8533  176.364  1.5 
-19.5599  180  1.5 

 12.1995 -180  1.5 
 12.1426 -176.364  1.5 
 11.6415 -172.727  1.5 
 10.6163 -169.091  1.5 
 9.09091 -165.698  1.5 
 8.94151 -165.455  1.5 
 5.91867 -161.818  1.5 
 5.45455 -161.375  1.5 
 1.81818 -159.098  1.5 
-1.35572 -158.182  1.5 
-1.81818 -158.064  1.5 
-4.94231 -158.182  1.5 
-5.45455 -158.204  1.5 
-9.09091 -159.615  1.5 
-11.9729 -161.818  1.5 
-12.7273 -162.55  1.5 
-14.6873 -165.455  1.5 
-16.3636 -168.947  1.5 
-16.4154 -169.091  1.5 
-17.3346 -172.727  1.5 
-17.8669 -176.364  1.5 
-18.0116 -180  1.5 

 180 -8.259  1.5 
 179.181 -5.45455  1.5 
 178.364 -1.81818  1.5 
 178.035  1.81818  1.5 
 178.096  5.45455  1.5 
 178.225  9.09091  1.5 
 178.765  12.7273  1.5 
 180  14.6797  1.5 


# Contour 3, label:      1.6
-139.833  78.1818  1.6 
-140  77.8955  1.6 
-140.489  78.1818  1.6 
-140  78.4701  1.6 
-139.833  78.1818  1.6 

-81.25 -12.7273  1.6 
-81.8182 -15.6977  1.6 
-82.2586 -16.3636  1.6 
-85.4545 -19.9727  1.6 
-85.5259 -20  1.6 
-89.0909 -22.9818  1.6 
-92.7273 -23.1814  1.6 
-96.3636 -22.9452  1.6 
-100 -20  1.6 
-100.67 -16.3636  1.6 
-100.624 -12.7273  1.6 
-100.287 -9.09091  1.6 
-100 -7.09864  1.6 
-99.8941 -5.45455  1.6 
-99.7967 -1.81818  1.6 
-100 -1.05481  1.6 
-101.286  1.81818  1.6 
-103.27  5.45455  1.6 
-103.636  6.8735  1.6 
-104.638  9.09091  1.6 
-104.364  12.7273  1.6 
-103.636  13.955  1.6 
-102.805  16.3636  1.6 
-100  20  1.6 
-98.1289  23.6364  1.6 
-96.3636  24.6508  1.6 
-92.7273  25.1897  1.6 
-89.0909  24.8196  1.6 
-85.4545  23.9072  1.6 
-84.9457  23.6364  1.6 
-81.8182  21.7678  1.6 
-80.4742  20  1.6 
-79.7374  16.3636  1.6 
-79.9462  12.7273  1.6 
-80.2945  9.09091  1.6 
-80.4645  5.45455  1.6 
-80.386  1.81818  1.6 
-80.4248 -1.81818  1.6 
-80.7446 -5.45455  1.6 
-81.0237 -9.09091  1.6 
-81.25 -12.7273  1.6 

-19.6607 -81.8182  1.6 
-20 -82.5755  1.6 
-20.8821 -81.8182  1.6 
-20 -81.4339  1.6 
-19.6607 -81.8182  1.6 

 0.451572  81.8182  1.6 
-1.81818  81.3357  1.6 
-2.35021  81.8182  1.6 
-1.81818  83.7971  1.6 
 0.451572  81.8182  1.6 

 98.1487  56.3636  1.6 
 96.3636  54.9086  1.6 
 92.7273  54.8297  1.6 
 89.0909  55.4654  1.6 
 85.4545  56.2427  1.6 
 85.2136  56.3636  1.6 
 81.8182  58.3425  1.6 
 80.7164  60  1.6 
 81.8182  63.338  1.6 
 82.2183  63.6364  1.6 
 85.4545  65.0505  1.6 
 89.0909  65.1512  1.6 
 92.7273  64.1545  1.6 
 94.1422  63.6364  1.6 
 96.3636  62.3452  1.6 
 100  60  1.6 
 98.1487  56.3636  1.6 

 101.026  1.81818  1.6 
 100  0.417317  1.6 
 97.027 -1.81818  1.6 
 96.3636 -2.11394  1.6 
 92.7273 -2.90948  1.6 
 89.0909 -3.09797  1.6 
 85.4545 -2.67611  1.6 
 82.9254 -1.81818  1.6 
 81.8182 -1.26526  1.6 
 79.2665  1.81818  1.6 
 78.1818  4.58282  1.6 
 77.9215  5.45455  1.6 
 77.152  9.09091  1.6 
 76.0218  12.7273  1.6 
 74.5455  14.7653  1.6 
 70.9091  16.1697  1.6 
 70.2515  16.3636  1.6 
 67.2727  17.1288  1.6 
 63.6364  18.2572  1.6 
 60  20  1.6 
 58.4213  23.6364  1.6 
 57.316  27.2727  1.6 
 56.3636  30.3142  1.6 
 56.1479  30.9091  1.6 
 53.7403  34.5455  1.6 
 52.7273  35.0962  1.6 
 49.0909  36.4441  1.6 
 45.4545  37.4177  1.6 
 43.3547  38.1818  1.6 
 41.8182  38.9434  1.6 
 39.2353  41.8182  1.6 
 38.1818  44.6514  1.6 
 37.9604  45.4545  1.6 
 37.5176  49.0909  1.6 
 37.3137  52.7273  1.6 
 37.5339  56.3636  1.6 
 38.1818  58.6271  1.6 
 39.3397  60  1.6 
 41.8182  63.3947  1.6 
 42.1264  63.6364  1.6 
 45.4545  66.9624  1.6 
 47.3256  67.2727  1.6 
 49.0909  67.8258  1.6 
 50.9655  67.2727  1.6 
 52.7273  67.0569  1.6 
 56.3636  64.892  1.6 
 57.3909  63.6364  1.6 
 60  60  1.6 
 62.5315  56.3636  1.6 
 63.3229  52.7273  1.6 
 63.1603  49.0909  1.6 
 62.3064  45.4545  1.6 
 60.4617  41.8182  1.6 
 63.6364  40.7566  1.6 
 67.2727  41.6003  1.6 
 68.7703  41.8182  1.6 
 70.9091  42.4993  1.6 
 74.5455  42.5537  1.6 
 76.8355  41.8182  1.6 
 78.1818  41.3846  1.6 
 81.622  38.1818  1.6 
 81.8182  37.7632  1.6 
 83.2319  34.5455  1.6 
 83.4185  30.9091  1.6 
 82.6833  27.2727  1.6 
 81.8182  25.6809  1.6 
 81.3156  23.6364  1.6 
 81.8182  20.9269  1.6 
 85.4545  22.803  1.6 
 89.0055  23.6364  1.6 
 89.0909  23.6743  1.6 
 92.7273  24.0401  1.6 
 93.9018  23.6364  1.6 
 96.3636  23.1132  1.6 
 100  20  1.6 
 102.948  16.3636  1.6 
 103.261  12.7273  1.6 
 102.97  9.09091  1.6 
 102.277  5.45455  1.6 
 101.026  1.81818  1.6 

-180  140  1.6 
-176.364  139.211  1.6 
-172.727  138.419  1.6 
-169.091  138.144  1.6 
-165.455  138.321  1.6 
-161.818  139.14  1.6 
-160.599  140  1.6 
-158.629  143.636  1.6 
-158.435  147.273  1.6 
-158.895  150.909  1.6 
-159.498  154.545  1.6 
-160.038  158.182  1.6 
-160.745  161.818  1.6 
-161.811  165.455  1.6 
-161.818  165.482  1.6 
-164.737  169.091  1.6 
-165.455  170.004  1.6 
-169.091  170.774  1.6 
-172.727  169.163  1.6 
-172.806  169.091  1.6 
-176.364  165.554  1.6 
-176.445  165.455  1.6 
-179.001  161.818  1.6 
-180  160.465  1.6 

-180  100  1.6 
-179.496  103.636  1.6 
-179.582  107.273  1.6 
-179.81  110.909  1.6 
-179.975  114.545  1.6 
-180  117.55  1.6 

-102.712 -30.9091  1.6 
-103.636 -29.0085  1.6 
-104.883 -27.2727  1.6 
-107.273 -25.5356  1.6 
-109.794 -23.6364  1.6 
-110.909 -23.1749  1.6 
-114.545 -20.9028  1.6 
-116.102 -20  1.6 
-118.182 -19.3822  1.6 
-118.929 -20  1.6 
-119.298 -23.6364  1.6 
-118.65 -27.2727  1.6 
-118.309 -30.9091  1.6 
-118.533 -34.5455  1.6 
-119.286 -38.1818  1.6 
-119.915 -41.8182  1.6 
-120.002 -45.4545  1.6 
-119.959 -49.0909  1.6 
-121.818 -51.9418  1.6 
-125.455 -51.5467  1.6 
-129.091 -51.2386  1.6 
-132.727 -50.7994  1.6 
-136.364 -49.7997  1.6 
-137.187 -49.0909  1.6 
-139.135 -45.4545  1.6 
-139.982 -41.8182  1.6 
-139.415 -38.1818  1.6 
-138.594 -34.5455  1.6 
-138.559 -30.9091  1.6 
-139.122 -27.2727  1.6 
-139.927 -23.6364  1.6 
-140 -20  1.6 
-137.776 -16.3636  1.6 
-136.364 -12.7877  1.6 
-136.319 -12.7273  1.6 
-135.284 -9.09091  1.6 
-136.199 -5.45455  1.6 
-136.364 -5.21911  1.6 
-137.895 -1.81818  1.6 
-140  1.75162  1.6 
-140.024  1.81818  1.6 
-140  1.9199  1.6 
-136.364  2.15803  1.6 
-135.444  1.81818  1.6 
-132.727  0.167713  1.6 
-129.091 -1.15703  1.6 
-126.194 -1.81818  1.6 
-125.455 -2.081  1.6 
-123.225 -1.81818  1.6 
-121.818 -1.62699  1.6 
-119.7  1.81818  1.6 
-118.872  5.45455  1.6 
-118.487  9.09091  1.6 
-118.524  12.7273  1.6 
-118.993  16.3636  1.6 
-119.886  20  1.6 
-121.326  23.6364  1.6 
-121.818  24.6987  1.6 
-125.455  27.1856  1.6 
-129.091  26.96  1.6 
-132.727  25.7752  1.6 
-136.364  23.8163  1.6 
-136.523  23.6364  1.6 
-140  20  1.6 
-140.432  16.3636  1.6 
-140.555  12.7273  1.6 
-140.758  9.09091  1.6 
-141.929  5.45455  1.6 
-143.636  4.83623  1.6 
-147.273  4.35307  1.6 
-150.909  3.77451  1.6 
-154.545  2.95236  1.6 
-157.551  1.81818  1.6 
-158.182  1.46646  1.6 
-160.342 -1.81818  1.6 
-160.769 -5.45455  1.6 
-160.538 -9.09091  1.6 
-160.188 -12.7273  1.6 
-159.929 -16.3636  1.6 
-159.686 -20  1.6 
-159.13 -23.6364  1.6 
-158.59 -27.2727  1.6 
-158.355 -30.9091  1.6 
-158.565 -34.5455  1.6 
-159.239 -38.1818  1.6 
-159.892 -41.8182  1.6 
-160.123 -45.4545  1.6 
-160.332 -49.0909  1.6 
-161.818 -51.1405  1.6 
-165.455 -51.3834  1.6 
-169.091 -51.4558  1.6 
-172.727 -51.5282  1.6 
-176.364 -51.6154  1.6 
-180 -51.7301  1.6 

-180 -140  1.6 
-176.364 -139.321  1.6 
-172.727 -139.124  1.6 
-169.091 -139.097  1.6 
-165.455 -139.202  1.6 
-161.818 -139.657  1.6 
-158.502 -136.364  1.6 
-158.738 -132.727  1.6 
-159.022 -129.091  1.6 
-159.361 -125.455  1.6 
-159.634 -121.818  1.6 
-159.339 -118.182  1.6 
-158.723 -114.545  1.6 
-158.444 -110.909  1.6 
-158.618 -107.273  1.6 
-159.151 -103.636  1.6 
-159.643 -100  1.6 
-159.475 -96.3636  1.6 
-159.127 -92.7273  1.6 
-158.981 -89.0909  1.6 
-159.148 -85.4545  1.6 
-159.53 -81.8182  1.6 
-159.571 -78.1818  1.6 
-159.14 -74.5455  1.6 
-158.757 -70.9091  1.6 
-158.662 -67.2727  1.6 
-158.982 -63.6364  1.6 
-159.624 -60  1.6 
-159.893 -56.3636  1.6 
-159.571 -52.7273  1.6 
-158.182 -51.8227  1.6 
-154.545 -51.7902  1.6 
-150.909 -51.9101  1.6 
-147.273 -52.1628  1.6 
-144.253 -52.7273  1.6 
-143.636 -52.9566  1.6 
-140.79 -56.3636  1.6 
-140 -60  1.6 
-138.003 -63.6364  1.6 
-137.356 -67.2727  1.6 
-137.653 -70.9091  1.6 
-138.591 -74.5455  1.6 
-139.749 -78.1818  1.6 
-139.423 -81.8182  1.6 
-138.26 -85.4545  1.6 
-137.819 -89.0909  1.6 
-138.121 -92.7273  1.6 
-139.011 -96.3636  1.6 
-140 -100  1.6 
-139.54 -103.636  1.6 
-139.076 -107.273  1.6 
-139.054 -110.909  1.6 
-139.493 -114.545  1.6 
-140 -117.36  1.6 
-140.097 -118.182  1.6 
-140 -118.603  1.6 
-136.364 -121.425  1.6 
-132.727 -120.715  1.6 
-129.091 -120.158  1.6 
-125.455 -120.072  1.6 
-121.818 -119.998  1.6 
-120.867 -118.182  1.6 
-121.655 -114.545  1.6 
-121.818 -113.397  1.6 
-122.377 -110.909  1.6 
-122.291 -107.273  1.6 
-121.818 -105.278  1.6 
-121.474 -103.636  1.6 
-120.082 -100  1.6 
-118.274 -96.3636  1.6 
-118.182 -96.1111  1.6 
-116.117 -92.7273  1.6 
-114.545 -89.1268  1.6 
-114.501 -89.0909  1.6 
-114.505 -85.4545  1.6 
-114.545 -85.4178  1.6 
-118.182 -82.0094  1.6 
-118.316 -81.8182  1.6 
-119.693 -78.1818  1.6 
-119.173 -74.5455  1.6 
-118.313 -70.9091  1.6 
-118.182 -69.4697  1.6 
-117.54 -67.2727  1.6 
-118.182 -65.3297  1.6 
-118.444 -63.6364  1.6 
-119.538 -60  1.6 
-119.974 -56.3636  1.6 
-120.091 -52.7273  1.6 
-118.182 -51.8491  1.6 
-114.545 -52.0854  1.6 
-110.909 -51.7193  1.6 
-107.273 -50.0423  1.6 
-106.481 -49.0909  1.6 
-103.636 -46.4218  1.6 
-103.113 -45.4545  1.6 
-100.899 -41.8182  1.6 
-100.093 -38.1818  1.6 
-101.248 -34.5455  1.6 
-102.712 -30.9091  1.6 

-180  180  1.6 

-160.526 -180  1.6 
-160.92 -176.364  1.6 
-161.535 -172.727  1.6 
-161.68 -169.091  1.6 
-161.281 -165.455  1.6 
-160.681 -161.818  1.6 
-161.818 -159.04  1.6 
-165.455 -159.992  1.6 
-169.091 -161.426  1.6 
-171.104 -161.818  1.6 
-172.727 -162.269  1.6 
-175.859 -161.818  1.6 
-176.364 -161.777  1.6 
-180 -160.385  1.6 

-140  180  1.6 
-143.636  178.267  1.6 
-147.273  177.363  1.6 
-150.909  176.98  1.6 
-154.545  177.207  1.6 
-158.182  178.572  1.6 
-160.834  180  1.6 

-114.545 -124.692  1.6 
-115.642 -125.455  1.6 
-117.276 -129.091  1.6 
-117.855 -132.727  1.6 
-118.182 -134.581  1.6 
-118.587 -136.364  1.6 
-120.601 -140  1.6 
-121.818 -140.979  1.6 
-125.455 -142.055  1.6 
-129.091 -142.563  1.6 
-132.727 -142.723  1.6 
-136.364 -142.401  1.6 
-140 -140  1.6 
-141.633 -143.636  1.6 
-141.154 -147.273  1.6 
-140.85 -150.909  1.6 
-140.446 -154.545  1.6 
-140.003 -158.182  1.6 
-140.508 -161.818  1.6 
-141.424 -165.455  1.6 
-141.754 -169.091  1.6 
-141.476 -172.727  1.6 
-140.704 -176.364  1.6 
-140 -180  1.6 

-59.7849 -41.8182  1.6 
-60 -42.9107  1.6 
-61.1099 -45.4545  1.6 
-61.9141 -49.0909  1.6 
-62.068 -52.7273  1.6 
-61.5371 -56.3636  1.6 
-60 -60  1.6 
-63.6364 -63.6169  1.6 
-67.2727 -63.2238  1.6 
-70.9091 -62.4473  1.6 
-74.5455 -61.4614  1.6 
-78.1818 -60.4545  1.6 
-80.2057 -60  1.6 
-81.8182 -59.5854  1.6 
-85.4545 -58.9529  1.6 
-89.0909 -58.5668  1.6 
-92.7273 -58.4641  1.6 
-96.3636 -58.8121  1.6 
-100 -60  1.6 
-103.636 -60.9683  1.6 
-107.273 -63.257  1.6 
-107.681 -63.6364  1.6 
-110.029 -67.2727  1.6 
-110.413 -70.9091  1.6 
-109.936 -74.5455  1.6 
-108.927 -78.1818  1.6 
-107.273 -80.5439  1.6 
-103.636 -80.9875  1.6 
-100 -79.7744  1.6 
-96.3636 -78.5611  1.6 
-93.0983 -78.1818  1.6 
-92.7273 -78.1378  1.6 
-92.3771 -78.1818  1.6 
-89.0909 -78.3676  1.6 
-85.4545 -78.936  1.6 
-81.8182 -79.5254  1.6 
-78.1818 -79.2412  1.6 
-74.5455 -78.2849  1.6 
-73.8462 -78.1818  1.6 
-70.9091 -77.3619  1.6 
-67.2727 -77.6747  1.6 
-66.1421 -78.1818  1.6 
-63.6364 -78.7845  1.6 
-60 -79.438  1.6 
-56.3636 -78.2273  1.6 
-56.2673 -78.1818  1.6 
-53.3378 -74.5455  1.6 
-52.7863 -70.9091  1.6 
-52.9462 -67.2727  1.6 
-52.7273 -67.1067  1.6 
-49.0909 -64.5358  1.6 
-48.2097 -63.6364  1.6 
-45.4545 -62.7281  1.6 
-41.8182 -60.5236  1.6 
-41.285 -63.6364  1.6 
-41.8182 -65.1697  1.6 
-43.6726 -67.2727  1.6 
-44.8005 -70.9091  1.6 
-44.345 -74.5455  1.6 
-41.8182 -77.8795  1.6 
-41.6476 -78.1818  1.6 
-38.1818 -81.7752  1.6 
-38.1314 -81.8182  1.6 
-34.6873 -85.4545  1.6 
-34.5455 -85.8564  1.6 
-33.4333 -89.0909  1.6 
-33.9706 -92.7273  1.6 
-34.5455 -94.337  1.6 
-35.2523 -96.3636  1.6 
-38.1818 -99.2551  1.6 
-41.8182 -99.9802  1.6 
-45.4545 -99.6504  1.6 
-49.0909 -99.5711  1.6 
-52.7273 -99.7629  1.6 
-55.4918 -100  1.6 
-56.3636 -100.037  1.6 
-60 -100  1.6 
-63.6364 -98.7833  1.6 
-67.2727 -97.9937  1.6 
-70.9091 -97.8731  1.6 
-74.5455 -98.3945  1.6 
-78.1818 -99.4599  1.6 
-81.8182 -99.9598  1.6 
-85.4545 -99.4103  1.6 
-89.0909 -98.9131  1.6 
-92.7273 -98.5545  1.6 
-96.3636 -98.16  1.6 
-100 -100  1.6 
-98.3666 -103.636  1.6 
-98.1245 -107.273  1.6 
-98.2039 -110.909  1.6 
-98.5065 -114.545  1.6 
-99.2468 -118.182  1.6 
-100 -119.361  1.6 
-103.368 -121.818  1.6 
-103.636 -121.946  1.6 
-107.273 -122.747  1.6 
-110.909 -123.467  1.6 
-114.545 -124.692  1.6 

-56.7773 -180  1.6 
-56.3636 -178.063  1.6 
-56.0063 -176.364  1.6 
-55.1729 -172.727  1.6 
-54.2666 -169.091  1.6 
-53.2668 -165.455  1.6 
-52.7273 -163.676  1.6 
-52.1747 -161.818  1.6 
-50.9786 -158.182  1.6 
-49.628 -154.545  1.6 
-49.0909 -153.285  1.6 
-48.1028 -150.909  1.6 
-46.3638 -147.273  1.6 
-45.4545 -145.594  1.6 
-44.4305 -143.636  1.6 
-42.3698 -140  1.6 
-41.8182 -139.066  1.6 
-40.236 -136.364  1.6 
-38.1818 -132.75  1.6 
-38.169 -132.727  1.6 
-36.2705 -129.091  1.6 
-34.6393 -125.455  1.6 
-34.5455 -125.183  1.6 
-33.3128 -121.818  1.6 
-32.3026 -118.182  1.6 
-31.4561 -114.545  1.6 
-30.9091 -112.154  1.6 
-30.5185 -110.909  1.6 
-28.9831 -107.273  1.6 
-27.2727 -105.268  1.6 
-25.0952 -103.636  1.6 
-23.6364 -102.736  1.6 
-20 -100  1.6 
-18.8616 -96.3636  1.6 
-17.6861 -92.7273  1.6 
-16.3636 -90.5289  1.6 
-14.5808 -89.0909  1.6 
-12.7273 -88.3425  1.6 
-9.09091 -87.3527  1.6 
-5.45455 -86.4311  1.6 
-3.11351 -85.4545  1.6 
-1.81818 -84.6032  1.6 
-0.214092 -81.8182  1.6 
-1.81818 -79.0477  1.6 
-3.21853 -78.1818  1.6 
-5.45455 -77.565  1.6 
-9.09091 -76.7446  1.6 
-12.7273 -74.9946  1.6 
-13.2106 -74.5455  1.6 
-15.5011 -70.9091  1.6 
-16.3636 -68.351  1.6 
-16.6704 -67.2727  1.6 
-18.0962 -63.6364  1.6 
-20 -60  1.6 
-23.6364 -58.4295  1.6 
-27.2727 -57.316  1.6 
-30.3383 -56.3636  1.6 
-30.9091 -56.1573  1.6 
-34.5455 -53.9173  1.6 
-35.2331 -52.7273  1.6 
-36.5464 -49.0909  1.6 
-37.4876 -45.4545  1.6 
-38.1818 -43.5251  1.6 
-38.9987 -41.8182  1.6 
-41.8182 -39.1311  1.6 
-43.9445 -38.1818  1.6 
-45.4545 -37.6751  1.6 
-49.0909 -36.7838  1.6 
-52.7273 -35.3581  1.6 
-53.856 -34.5455  1.6 
-55.869 -30.9091  1.6 
-56.3636 -29.3713  1.6 
-56.9543 -27.2727  1.6 
-58.2082 -23.6364  1.6 
-60 -20  1.6 
-63.6364 -18.5184  1.6 
-67.2727 -17.7367  1.6 
-70.9091 -17.3021  1.6 
-74.5455 -17.1957  1.6 
-78.1818 -17.8952  1.6 
-81.0841 -20  1.6 
-81.8182 -20.864  1.6 
-85.4545 -20.3393  1.6 
-87.1622 -23.6364  1.6 
-88.4877 -27.2727  1.6 
-88.5935 -30.9091  1.6 
-87.3332 -34.5455  1.6 
-85.4545 -36.1902  1.6 
-83.3927 -38.1818  1.6 
-81.8182 -39.1164  1.6 
-78.1818 -41.2015  1.6 
-76.4604 -41.8182  1.6 
-74.5455 -42.6072  1.6 
-70.9091 -42.9544  1.6 
-67.2727 -42.1953  1.6 
-66.5029 -41.8182  1.6 
-63.6364 -41.1226  1.6 
-60 -41.375  1.6 
-59.7849 -41.8182  1.6 

-55.9015  180  1.6 
-54.4564  176.364  1.6 
-53.0485  172.727  1.6 
-52.7273  171.891  1.6 
-51.659  169.091  1.6 
-50.2427  165.455  1.6 
-49.0909  162.582  1.6 
-48.7814  161.818  1.6 
-47.2815  158.182  1.6 
-45.7507  154.545  1.6 
-45.4545  153.858  1.6 
-44.1769  150.909  1.6 
-42.5508  147.273  1.6 
-41.8182  145.702  1.6 
-40.8339  143.636  1.6 
-38.9753  140  1.6 
-38.1818  138.575  1.6 
-36.9075  136.364  1.6 
-34.9286  132.727  1.6 
-34.5455  131.88  1.6 
-33.2523  129.091  1.6 
-32.1592  125.455  1.6 
-31.8947  121.818  1.6 
-32.5587  118.182  1.6 
-34.0109  114.545  1.6 
-34.5455  113.54  1.6 
-35.8082  110.909  1.6 
-37.7269  107.273  1.6 
-38.1818  106.434  1.6 
-39.7054  103.636  1.6 
-41.8182  100.229  1.6 
-41.9638  100  1.6 
-44.7291  96.3636  1.6 
-45.4545  95.6235  1.6 
-48.2178  92.7273  1.6 
-49.0909  91.967  1.6 
-52.2435  89.0909  1.6 
-52.7273  88.6947  1.6 
-56.3636  85.7263  1.6 
-56.7452  85.4545  1.6 
-60  83.3083  1.6 
-63.343  81.8182  1.6 
-63.6364  81.7094  1.6 
-67.2727  80.7074  1.6 
-70.9091  79.6873  1.6 
-74.5455  78.4211  1.6 
-75.0652  78.1818  1.6 
-78.1818  76.3096  1.6 
-80.0036  74.5455  1.6 
-81.8182  72.3479  1.6 
-82.8058  70.9091  1.6 
-85.1062  67.2727  1.6 
-85.4545  66.7282  1.6 
-87.4253  63.6364  1.6 
-89.0909  61.256  1.6 
-89.9524  60  1.6 
-92.4923  56.3636  1.6 
-92.7273  55.9975  1.6 
-94.8797  52.7273  1.6 
-96.3636  49.9021  1.6 
-96.8626  49.0909  1.6 
-98.52  45.4545  1.6 
-99.5992  41.8182  1.6 
-100  39.996  1.6 
-100.812  38.1818  1.6 
-102.502  34.5455  1.6 
-103.636  32.1598  1.6 
-105.811  30.9091  1.6 
-107.273  29.9786  1.6 
-110.909  29.3632  1.6 
-114.545  29.4174  1.6 
-118.182  29.9041  1.6 
-120.906  30.9091  1.6 
-121.818  31.1012  1.6 
-125.455  32.6155  1.6 
-126.753  34.5455  1.6 
-129.091  35.6711  1.6 
-131.608  38.1818  1.6 
-132.727  38.7291  1.6 
-136.364  41.1953  1.6 
-137.264  41.8182  1.6 
-140  42.9359  1.6 
-143.636  44.0365  1.6 
-147.273  45.1459  1.6 
-148.221  45.4545  1.6 
-150.909  46.3212  1.6 
-154.545  47.5686  1.6 
-158.182  48.7906  1.6 
-159.144  49.0909  1.6 
-161.818  49.9485  1.6 
-165.455  50.9599  1.6 
-169.091  51.9114  1.6 
-171.911  52.7273  1.6 
-172.727  52.9565  1.6 
-176.364  54.2113  1.6 
-180  55.7718  1.6 

 160.475  180  1.6 
 159.287  176.364  1.6 
 158.456  172.727  1.6 
 158.182  171.614  1.6 
 157.474  169.091  1.6 
 154.545  166.368  1.6 
 151.774  165.455  1.6 
 150.909  165.282  1.6 
 147.273  164.134  1.6 
 143.636  162.717  1.6 
 142.378  161.818  1.6 
 140  159.332  1.6 
 139.459  158.182  1.6 
 138.889  154.545  1.6 
 138.451  150.909  1.6 
 137.693  147.273  1.6 
 136.364  145.124  1.6 
 132.727  143.93  1.6 
 131.312  143.636  1.6 
 129.091  143.27  1.6 
 125.455  142.404  1.6 
 121.818  141.079  1.6 
 120.569  140  1.6 
 118.816  136.364  1.6 
 118.236  132.727  1.6 
 118.182  131.398  1.6 
 118.096  129.091  1.6 
 118.155  125.455  1.6 
 118.182  125.065  1.6 
 118.809  121.818  1.6 
 118.224  118.182  1.6 
 118.182  118.164  1.6 
 118.147  118.182  1.6 
 114.545  118.849  1.6 
 110.909  119.035  1.6 
 107.273  119.267  1.6 
 103.636  119.557  1.6 
 100  119.591  1.6 
 96.3636  118.949  1.6 
 92.7273  118.4  1.6 
 89.0909  118.302  1.6 
 85.4545  118.689  1.6 
 81.8182  119.377  1.6 
 78.1818  119.659  1.6 
 74.5455  119.359  1.6 
 70.9091  119.077  1.6 
 67.2727  119.06  1.6 
 63.6364  119.353  1.6 
 60  119.625  1.6 
 56.3636  119.066  1.6 
 53.2581  118.182  1.6 
 52.7273  117.818  1.6 
 49.0909  115.813  1.6 
 45.4545  114.579  1.6 
 41.8182  115.803  1.6 
 40.8647  118.182  1.6 
 40.0163  121.818  1.6 
 39.6476  125.455  1.6 
 39.3723  129.091  1.6 
 39.2433  132.727  1.6 
 39.3413  136.364  1.6 
 39.7432  140  1.6 
 40.5166  143.636  1.6 
 41.624  147.273  1.6 
 41.8182  147.779  1.6 
 42.9875  150.909  1.6 
 44.5517  154.545  1.6 
 45.4545  156.582  1.6 
 46.1812  158.182  1.6 
 47.7109  161.818  1.6 
 49.0118  165.455  1.6 
 49.0909  165.731  1.6 
 50.0706  169.091  1.6 
 50.9068  172.727  1.6 
 51.6126  176.364  1.6 
 52.2791  180  1.6 

 180  180  1.6 

 180  140  1.6 
 179.951  143.636  1.6 
 180  143.679  1.6 

 180  100  1.6 
 176.364  99.7594  1.6 
 172.727  99.8989  1.6 
 170.338  100  1.6 
 169.091  100.12  1.6 
 165.455  100.287  1.6 
 161.818  100.284  1.6 
 160.725  100  1.6 
 158.182  96.8487  1.6 
 158.056  96.3636  1.6 
 158.032  92.7273  1.6 
 158.182  91.992  1.6 
 158.407  89.0909  1.6 
 158.918  85.4545  1.6 
 159.465  81.8182  1.6 
 159.425  78.1818  1.6 
 158.908  74.5455  1.6 
 158.628  70.9091  1.6 
 158.778  67.2727  1.6 
 159.343  63.6364  1.6 
 159.289  60  1.6 
 158.182  59.1205  1.6 
 154.545  58.8516  1.6 
 150.909  58.9703  1.6 
 147.273  59.1551  1.6 
 143.636  59.4406  1.6 
 140  60  1.6 
 136.364  60.4973  1.6 
 132.956  63.6364  1.6 
 133.33  67.2727  1.6 
 134.659  70.9091  1.6 
 136.364  72.9777  1.6 
 136.988  74.5455  1.6 
 139.05  78.1818  1.6 
 139.833  81.8182  1.6 
 138.775  85.4545  1.6 
 137.97  89.0909  1.6 
 137.698  92.7273  1.6 
 138.193  96.3636  1.6 
 140  100  1.6 
 143.636  103.334  1.6 
 144.12  103.636  1.6 
 147.273  105.62  1.6 
 149.574  107.273  1.6 
 150.909  108.452  1.6 
 152.555  110.909  1.6 
 154.545  113.575  1.6 
 155.08  114.545  1.6 
 158.13  118.182  1.6 
 158.182  118.235  1.6 
 161.818  121.642  1.6 
 162.092  121.818  1.6 
 165.455  124.124  1.6 
 169.091  124.956  1.6 
 172.727  124.507  1.6 
 176.364  122.496  1.6 
 177.089  121.818  1.6 
 180  120.505  1.6 

 143.636  132.85  1.6 
 142.703  136.364  1.6 
 140  140  1.6 
 143.636  140.162  1.6 
 144.255  140  1.6 
 147.273  138.498  1.6 
 150.909  137.978  1.6 
 154.545  138.117  1.6 
 158.182  139.075  1.6 
 160.177  140  1.6 
 161.818  141.053  1.6 
 164.698  143.636  1.6 
 165.455  146.828  1.6 
 165.62  147.273  1.6 
 165.455  147.716  1.6 
 165.051  150.909  1.6 
 163.604  154.545  1.6 
 161.818  156.635  1.6 
 161.226  158.182  1.6 
 161.528  161.818  1.6 
 161.818  162.083  1.6 
 164.271  161.818  1.6 
 165.455  161.564  1.6 
 169.091  160.179  1.6 
 172.727  159.321  1.6 
 176.364  159.016  1.6 
 180  159.76  1.6 

 23.6364  60.6563  1.6 
 20  60  1.6 
 16.3636  59.8842  1.6 
 12.7273  59.6397  1.6 
 9.09091  59.2962  1.6 
 5.45455  59.0908  1.6 
 1.81818  59.4172  1.6 
 0.664773  60  1.6 
-1.81818  62.5779  1.6 
-2.45904  63.6364  1.6 
-3.71355  67.2727  1.6 
-4.82451  70.9091  1.6 
-5.45455  73.2069  1.6 
-6.11599  74.5455  1.6 
-9.09091  77.3911  1.6 
-12.7273  78.0699  1.6 
-13.4602  78.1818  1.6 
-16.3636  78.9704  1.6 
-20  81.0681  1.6 
-20.542  81.8182  1.6 
-20  83.2586  1.6 
-17.5649  85.4545  1.6 
-16.3636  85.9632  1.6 
-12.7273  86.5786  1.6 
-9.09091  86.9784  1.6 
-5.45455  87.603  1.6 
-3.80898  89.0909  1.6 
-2.51971  92.7273  1.6 
-1.81818  95.9564  1.6 
-1.71684  96.3636  1.6 
 0.694125  100  1.6 
 1.81818  100.742  1.6 
 5.45455  101.178  1.6 
 9.09091  100.944  1.6 
 12.7273  100.518  1.6 
 16.3636  100.193  1.6 
 20  100  1.6 
 23.6364  98.0624  1.6 
 26.8765  96.3636  1.6 
 24.8212  92.7273  1.6 
 23.6364  92.2309  1.6 
 20  89.603  1.6 
 19.5565  89.0909  1.6 
 17.4279  85.4545  1.6 
 18.5073  81.8182  1.6 
 20  80.6944  1.6 
 23.6364  79.746  1.6 
 27.2727  79.755  1.6 
 30.9091  79.9682  1.6 
 34.5455  80.1502  1.6 
 38.1818  80.2734  1.6 
 41.3772  81.8182  1.6 
 40.1774  85.4545  1.6 
 38.5067  89.0909  1.6 
 38.1818  89.7571  1.6 
 36.4703  92.7273  1.6 
 36.0838  96.3636  1.6 
 38.1818  98.1636  1.6 
 40.3543  100  1.6 
 41.8182  100.73  1.6 
 45.4545  101.071  1.6 
 49.0909  100.598  1.6 
 52.7273  100.293  1.6 
 56.3636  100.217  1.6 
 60  100  1.6 
 63.6364  98.3105  1.6 
 67.2727  97.4599  1.6 
 70.9091  97.5233  1.6 
 74.5455  98.3456  1.6 
 78.1818  99.6052  1.6 
 81.8182  99.4842  1.6 
 85.4545  98.1855  1.6 
 89.0909  97.4958  1.6 
 92.7273  97.6297  1.6 
 96.3636  98.5963  1.6 
 100  100  1.6 
 103.636  99.2375  1.6 
 107.273  98.1467  1.6 
 110.909  97.4101  1.6 
 114.545  97.3391  1.6 
 118.182  98.5466  1.6 
 120.131  100  1.6 
 121.818  101.717  1.6 
 123.493  103.636  1.6 
 125.225  107.273  1.6 
 125.455  107.891  1.6 
 128.741  110.909  1.6 
 129.091  111.009  1.6 
 132.727  112.142  1.6 
 135.707  114.545  1.6 
 136.364  114.961  1.6 
 138.914  118.182  1.6 
 140  119.599  1.6 
 141.676  121.818  1.6 
 143.431  125.455  1.6 
 143.636  126.742  1.6 
 144.215  129.091  1.6 
 143.691  132.727  1.6 
 143.636  132.85  1.6 

 180  55.3345  1.6 
 176.364  54.8502  1.6 
 172.727  54.0478  1.6 
 169.593  52.7273  1.6 
 169.091  52.4043  1.6 
 166.432  49.0909  1.6 
 165.455  47.4535  1.6 
 164.532  45.4545  1.6 
 162.148  41.8182  1.6 
 161.818  41.5613  1.6 
 158.182  39.946  1.6 
 154.545  39.623  1.6 
 150.909  39.6081  1.6 
 147.273  39.5958  1.6 
 143.636  39.5182  1.6 
 141.69  38.1818  1.6 
 141.769  34.5455  1.6 
 141.691  30.9091  1.6 
 141.543  27.2727  1.6 
 141.192  23.6364  1.6 
 140  20  1.6 
 136.364  19.1926  1.6 
 132.727  19.3738  1.6 
 129.091  19.7441  1.6 
 125.455  19.9907  1.6 
 123.813  20  1.6 
 121.818  20.0233  1.6 
 118.182  20.2369  1.6 
 114.545  20.9271  1.6 
 110.909  21.6553  1.6 
 107.273  22.6751  1.6 
 105.471  23.6364  1.6 
 103.636  27.183  1.6 
 103.584  27.2727  1.6 
 102.479  30.9091  1.6 
 101.858  34.5455  1.6 
 101  38.1818  1.6 
 103.636  41.2376  1.6 
 107.273  40.4446  1.6 
 110.909  40.0288  1.6 
 114.545  39.8157  1.6 
 118.182  40.0015  1.6 
 121.818  41.3441  1.6 
 122.711  41.8182  1.6 
 125.455  44.2507  1.6 
 128.238  45.4545  1.6 
 129.091  46.3407  1.6 
 132.727  48.7013  1.6 
 133.036  49.0909  1.6 
 133.186  52.7273  1.6 
 132.836  56.3636  1.6 
 132.727  57.7176  1.6 
 130.71  60  1.6 
 129.091  60.3074  1.6 
 125.455  60.3065  1.6 
 122.745  60  1.6 
 121.818  59.9504  1.6 
 121.532  60  1.6 
 118.182  61.6663  1.6 
 116.33  63.6364  1.6 
 116.672  67.2727  1.6 
 118.182  70.2087  1.6 
 118.487  70.9091  1.6 
 119.813  74.5455  1.6 
 120.039  78.1818  1.6 
 118.182  80.2107  1.6 
 114.545  79.9418  1.6 
 110.909  79.353  1.6 
 107.273  79.2761  1.6 
 103.636  79.5522  1.6 
 100  79.5109  1.6 
 96.3636  78.2992  1.6 
 95.9803  78.1818  1.6 
 92.7273  76.2937  1.6 
 89.0909  75.9824  1.6 
 85.4545  77.396  1.6 
 84.4631  78.1818  1.6 
 81.8182  79.1095  1.6 
 78.1818  79.6067  1.6 
 74.5455  79.2682  1.6 
 70.9091  79.0852  1.6 
 67.2727  79.2074  1.6 
 63.6364  79.5357  1.6 
 60  79.8688  1.6 
 56.3636  79.9308  1.6 
 52.7273  79.9661  1.6 
 49.0909  80.1455  1.6 
 45.4545  80.4098  1.6 
 41.8182  80.6913  1.6 
 41.1455  78.1818  1.6 
 41.4782  74.5455  1.6 
 41.3894  70.9091  1.6 
 40.7586  67.2727  1.6 
 38.1818  64.9601  1.6 
 37.3162  63.6364  1.6 
 34.5455  62.2992  1.6 
 30.9091  61.7295  1.6 
 27.2727  61.2722  1.6 
 23.6364  60.6563  1.6 

 180 -51.6457  1.6 
 176.364 -51.2749  1.6 
 172.727 -51.0065  1.6 
 169.091 -50.7348  1.6 
 165.455 -50.3541  1.6 
 161.818 -49.7782  1.6 
 158.739 -49.0909  1.6 
 158.182 -48.972  1.6 
 154.545 -47.9726  1.6 
 150.909 -46.7446  1.6 
 147.71 -45.4545  1.6 
 147.273 -45.2822  1.6 
 143.636 -43.6285  1.6 
 140 -41.8232  1.6 
 139.99 -41.8182  1.6 
 136.364 -40.0192  1.6 
 132.727 -38.3298  1.6 
 132.359 -38.1818  1.6 
 129.091 -36.8336  1.6 
 125.455 -35.6764  1.6 
 121.818 -34.9929  1.6 
 118.182 -34.8993  1.6 
 114.545 -35.4035  1.6 
 110.909 -36.3964  1.6 
 107.273 -37.7364  1.6 
 106.254 -38.1818  1.6 
 103.636 -39.2441  1.6 
 100 -40.8964  1.6 
 98.1595 -41.8182  1.6 
 96.3636 -42.7047  1.6 
 92.7273 -44.8072  1.6 
 91.7946 -45.4545  1.6 
 89.0909 -47.4576  1.6 
 87.3386 -49.0909  1.6 
 85.4545 -51.0087  1.6 
 84.0977 -52.7273  1.6 
 81.8182 -55.8275  1.6 
 81.4949 -56.3636  1.6 
 79.4948 -60  1.6 
 78.1818 -62.8721  1.6 
 77.8605 -63.6364  1.6 
 76.241 -67.2727  1.6 
 74.5455 -70.2555  1.6 
 74.1098 -70.9091  1.6 
 70.9091 -74.4849  1.6 
 70.8387 -74.5455  1.6 
 67.2727 -77.0817  1.6 
 65.2797 -78.1818  1.6 
 63.6364 -79.0643  1.6 
 60 -80.9827  1.6 
 58.6036 -81.8182  1.6 
 56.3636 -83.3725  1.6 
 53.5383 -85.4545  1.6 
 52.7273 -86.1444  1.6 
 49.4735 -89.0909  1.6 
 49.0909 -89.5014  1.6 
 46.2534 -92.7273  1.6 
 45.4545 -93.8061  1.6 
 43.5943 -96.3636  1.6 
 41.8182 -99.1641  1.6 
 41.2538 -100  1.6 
 38.9354 -103.636  1.6 
 38.1818 -104.972  1.6 
 36.7721 -107.273  1.6 
 34.9952 -110.909  1.6 
 34.5455 -112.188  1.6 
 33.656 -114.545  1.6 
 32.8961 -118.182  1.6 
 32.7977 -121.818  1.6 
 33.3404 -125.455  1.6 
 34.4244 -129.091  1.6 
 34.5455 -129.384  1.6 
 35.8481 -132.727  1.6 
 37.5374 -136.364  1.6 
 38.1818 -137.634  1.6 
 39.3415 -140  1.6 
 41.1692 -143.636  1.6 
 41.8182 -144.948  1.6 
 42.9524 -147.273  1.6 
 44.6394 -150.909  1.6 
 45.4545 -152.837  1.6 
 46.18 -154.545  1.6 
 47.5254 -158.182  1.6 
 48.6353 -161.818  1.6 
 49.0909 -163.714  1.6 
 49.5176 -165.455  1.6 
 50.2052 -169.091  1.6 
 50.7523 -172.727  1.6 
 51.2258 -176.364  1.6 
 51.6862 -180  1.6 

 180 -160.574  1.6 
 179.321 -158.182  1.6 
 178.077 -154.545  1.6 
 177.285 -150.909  1.6 
 177.135 -147.273  1.6 
 177.879 -143.636  1.6 
 180 -140  1.6 

 180 -180  1.6 
 176.364 -178.393  1.6 
 172.727 -176.676  1.6 
 171.307 -176.364  1.6 
 169.091 -176.093  1.6 
 166.69 -176.364  1.6 
 165.455 -176.508  1.6 
 161.818 -178.374  1.6 
 160.513 -180  1.6 


# Contour 4, label:      1.7
-70.9091  127.637  1.7 
-69.9016  125.455  1.7 
-68.8835  121.818  1.7 
-68.7479  118.182  1.7 
-69.6433  114.545  1.7 

-69.6433  114.545  1.7 
-70.9091  112.221  1.7 
-71.701  110.909  1.7 
-74.5455  107.918  1.7 
-75.2083  107.273  1.7 
-78.1818  105.104  1.7 
-80.1764  103.636  1.7 
-81.8182  102.629  1.7 
-85.4545  100.147  1.7 
-85.6476  100  1.7 
-89.0909  97.5734  1.7 
-90.5827  96.3636  1.7 
-92.7273  94.6443  1.7 
-94.8315  92.7273  1.7 
-96.3636  91.2803  1.7 
-98.4858  89.0909  1.7 
-100  87.4328  1.7 
-101.723  85.4545  1.7 
-103.636  83.0566  1.7 
-104.654  81.8182  1.7 
-107.273  78.4647  1.7 
-107.553  78.1818  1.7 
-110.909  75.1451  1.7 
-112.292  74.5455  1.7 
-114.545  73.6731  1.7 
-118.182  74.2138  1.7 
-118.564  74.5455  1.7 
-121.818  77.6166  1.7 
-122.102  78.1818  1.7 
-123.588  81.8182  1.7 
-125.243  85.4545  1.7 
-125.455  85.7815  1.7 
-127.658  89.0909  1.7 
-129.091  90.4875  1.7 
-132.349  92.7273  1.7 
-132.727  92.9429  1.7 
-136.364  94.3221  1.7 
-140  95.0162  1.7 
-143.636  95.4015  1.7 
-147.273  95.5364  1.7 
-150.909  95.4452  1.7 
-154.545  95.3951  1.7 
-158.182  96.3357  1.7 
-158.213  96.3636  1.7 
-160.849  100  1.7 
-161.818  102.81  1.7 
-161.991  103.636  1.7 
-162.589  107.273  1.7 
-163.006  110.909  1.7 
-163.102  114.545  1.7 
-162.573  118.182  1.7 
-161.818  119.658  1.7 
-160.124  121.818  1.7 
-158.182  123.208  1.7 
-154.545  125.04  1.7 
-153.69  125.455  1.7 
-150.909  126.857  1.7 
-147.71  129.091  1.7 
-147.273  129.493  1.7 
-144.471  132.727  1.7 
-143.636  134.245  1.7 
-142.494  136.364  1.7 
-141.082  140  1.7 
-140  142.862  1.7 
-139.585  143.636  1.7 
-137.896  147.273  1.7 
-136.446  150.909  1.7 
-136.364  151.115  1.7 
-133.982  154.545  1.7 
-132.727  155.829  1.7 
-129.091  158.015  1.7 
-128.648  158.182  1.7 
-125.455  159.39  1.7 
-121.818  160.639  1.7 
-118.755  161.818  1.7 
-118.182  162.145  1.7 
-114.545  163.828  1.7 
-110.909  164.18  1.7 
-107.273  163.133  1.7 
-104.832  161.818  1.7 
-103.636  161.261  1.7 
-100  159.045  1.7 
-98.7467  158.182  1.7 
-96.3636  156.703  1.7 
-93.4949  154.545  1.7 
-92.7273  154.002  1.7 
-89.1666  150.909  1.7 
-89.0909  150.847  1.7 
-85.5167  147.273  1.7 
-85.4545  147.213  1.7 
-82.2971  143.636  1.7 
-81.8182  143.11  1.7 
-79.3058  140  1.7 
-78.1818  138.651  1.7 
-76.4442  136.364  1.7 
-74.5455  133.781  1.7 
-73.8308  132.727  1.7 
-71.6093  129.091  1.7 
-70.9091  127.637  1.7 

-70.0178 -129.091  1.7 
-70.9091 -130.103  1.7 
-74.2559 -132.727  1.7 
-74.5455 -132.913  1.7 
-78.1818 -134.373  1.7 
-81.8182 -135.549  1.7 
-83.5896 -136.364  1.7 
-85.4545 -138.15  1.7 
-86.5057 -140  1.7 
-88.2336 -143.636  1.7 
-89.0909 -144.894  1.7 
-91.2374 -147.273  1.7 
-92.7273 -148.359  1.7 
-96.3636 -149.482  1.7 
-100 -148.789  1.7 
-101.319 -147.273  1.7 
-102.287 -143.636  1.7 
-101.489 -140  1.7 
-100 -138.296  1.7 
-96.5645 -136.364  1.7 
-96.3636 -136.266  1.7 
-92.7273 -135.243  1.7 
-89.0909 -133.295  1.7 
-88.5673 -132.727  1.7 
-86.7155 -129.091  1.7 
-85.7735 -125.455  1.7 
-85.4545 -124.537  1.7 
-84.4946 -121.818  1.7 
-82.1058 -118.182  1.7 
-81.8182 -117.932  1.7 
-78.1818 -116.693  1.7 
-74.5455 -117.181  1.7 
-72.2317 -118.182  1.7 
-70.9091 -119.372  1.7 
-68.8434 -121.818  1.7 
-68.3864 -125.455  1.7 
-70.0178 -129.091  1.7 

 119.489  161.818  1.7 
 118.182  159.854  1.7 
 115.527  158.182  1.7 
 114.545  157.79  1.7 
 110.909  156.588  1.7 
 108.538  154.545  1.7 
 107.273  151.649  1.7 
 107.101  150.909  1.7 
 106.17  147.273  1.7 
 105.263  143.636  1.7 
 103.876  140  1.7 
 103.636  139.663  1.7 
 100  136.418  1.7 
 99.8002  136.364  1.7 
 96.3636  135.643  1.7 
 92.7273  135.782  1.7 
 89.3087  136.364  1.7 
 89.0909  136.421  1.7 
 85.4545  137.667  1.7 
 81.8182  139.124  1.7 
 80.2264  140  1.7 
 78.1818  143.041  1.7 
 77.8546  143.636  1.7 
 78.1818  146.446  1.7 
 78.2949  147.273  1.7 
 80.8488  150.909  1.7 
 81.8182  151.8  1.7 
 85.3983  154.545  1.7 
 85.4545  154.586  1.7 
 89.0909  156.512  1.7 
 92.7273  157.517  1.7 
 96.3636  157.721  1.7 
 100  157.652  1.7 
 102.589  158.182  1.7 
 103.636  158.682  1.7 
 106.267  161.818  1.7 
 107.273  163.868  1.7 
 108.146  165.455  1.7 
 110.909  168.045  1.7 
 114.545  168.886  1.7 
 118.182  167.006  1.7 
 119.062  165.455  1.7 
 119.489  161.818  1.7 

 161.818 -101.853  1.7 
 163.771 -103.636  1.7 
 165.455 -105.927  1.7 
 167.189 -107.273  1.7 
 167.622 -110.909  1.7 

 167.622 -110.909  1.7 
 165.455 -111.692  1.7 
 161.818 -114.467  1.7 
 161.764 -114.545  1.7 
 158.182 -117.646  1.7 
 157.807 -118.182  1.7 
 154.906 -121.818  1.7 
 154.545 -122.245  1.7 
 152.147 -125.455  1.7 
 150.909 -126.921  1.7 
 149.049 -129.091  1.7 
 147.273 -130.849  1.7 
 145.248 -132.727  1.7 
 143.636 -134.017  1.7 
 140.611 -136.364  1.7 
 140 -136.803  1.7 
 136.364 -139.615  1.7 
 135.878 -140  1.7 
 132.727 -142.521  1.7 
 131.256 -143.636  1.7 
 129.091 -145.302  1.7 
 126.226 -147.273  1.7 
 125.455 -147.83  1.7 
 121.818 -150.056  1.7 
 120.088 -150.909  1.7 
 118.182 -151.97  1.7 
 114.545 -153.571  1.7 
 111.45 -154.545  1.7 
 110.909 -154.755  1.7 
 107.273 -155.488  1.7 
 103.636 -155.561  1.7 
 100 -155.069  1.7 
 98.0784 -154.545  1.7 
 96.3636 -154.128  1.7 
 92.7273 -152.687  1.7 
 89.6785 -150.909  1.7 
 89.0909 -150.594  1.7 
 85.4545 -147.979  1.7 
 84.6852 -147.273  1.7 
 81.8182 -144.763  1.7 
 80.7788 -143.636  1.7 
 78.1818 -140.765  1.7 
 77.6061 -140  1.7 
 75.0798 -136.364  1.7 
 74.5455 -135.509  1.7 
 72.9834 -132.727  1.7 
 71.2343 -129.091  1.7 
 70.9091 -128.193  1.7 
 69.9845 -125.455  1.7 
 69.2802 -121.818  1.7 
 69.2247 -118.182  1.7 
 69.8779 -114.545  1.7 
 70.9091 -111.791  1.7 
 71.2622 -110.909  1.7 
 73.4632 -107.273  1.7 
 74.5455 -105.941  1.7 
 76.475 -103.636  1.7 
 78.1818 -101.983  1.7 
 80.2023 -100  1.7 
 81.8182 -98.6298  1.7 
 84.2872 -96.3636  1.7 
 85.4545 -95.3383  1.7 
 88.0637 -92.7273  1.7 
 89.0909 -91.6441  1.7 
 91.2685 -89.0909  1.7 
 92.7273 -87.1508  1.7 
 93.972 -85.4545  1.7 
 96.3341 -81.8182  1.7 
 96.3636 -81.7708  1.7 
 98.9443 -78.1818  1.7 
 100 -76.801  1.7 
 102.245 -74.5455  1.7 
 103.636 -73.2307  1.7 
 107.04 -70.9091  1.7 
 107.273 -70.7634  1.7 
 110.909 -69.2523  1.7 
 114.545 -68.4471  1.7 
 118.182 -68.2879  1.7 
 121.818 -68.7329  1.7 
 125.455 -69.7012  1.7 
 128.661 -70.9091  1.7 
 129.091 -71.0813  1.7 
 132.727 -72.85  1.7 
 135.903 -74.5455  1.7 
 136.364 -74.8165  1.7 
 140 -77.1056  1.7 
 141.618 -78.1818  1.7 
 143.636 -79.7886  1.7 
 146.183 -81.8182  1.7 
 147.273 -82.8919  1.7 
 150.048 -85.4545  1.7 
 150.909 -86.4679  1.7 
 153.389 -89.0909  1.7 
 154.545 -90.7283  1.7 
 156.197 -92.7273  1.7 
 158.182 -96.1079  1.7 
 158.381 -96.3636  1.7 
 160.66 -100  1.7 
 161.818 -101.853  1.7 

