
# Surface 0 of 1 surfaces

# Curve title: "filename using 1:2:8"

# Contour 0, label:      3.3
 86.1278 -161.91  3.3 
 85.9296 -162.298  3.3 
 85.1282 -163.719  3.3 
 84.1206 -164.925  3.3 
 83.518 -165.528  3.3 
 82.3116 -166.466  3.3 
 80.8693 -167.337  3.3 
 80.5025 -167.524  3.3 
 78.6935 -168.158  3.3 
 76.8844 -168.507  3.3 
 75.0754 -168.568  3.3 
 73.2663 -168.345  3.3 
 71.4573 -167.853  3.3 
 70.1805 -167.337  3.3 
 69.6482 -167.055  3.3 
 67.8392 -165.84  3.3 
 67.4437 -165.528  3.3 
 66.0302 -163.905  3.3 
 65.8838 -163.719  3.3 
 65.1278 -161.91  3.3 
 65.0642 -160.101  3.3 
 65.718 -158.291  3.3 
 66.0302 -157.874  3.3 
 67.1944 -156.482  3.3 
 67.8392 -155.968  3.3 
 69.6482 -154.729  3.3 
 69.7474 -154.673  3.3 
 71.4573 -153.94  3.3 
 73.2663 -153.36  3.3 
 75.0754 -152.987  3.3 
 76.4599 -152.864  3.3 
 76.8844 -152.833  3.3 
 77.9389 -152.864  3.3 
 78.6935 -152.891  3.3 
 80.5025 -153.199  3.3 
 82.3116 -153.798  3.3 
 83.9742 -154.673  3.3 
 84.1206 -154.783  3.3 
 85.735 -156.482  3.3 
 85.9296 -156.884  3.3 
 86.4739 -158.291  3.3 
 86.5645 -160.101  3.3 
 86.1278 -161.91  3.3 


# Contour 1, label:        3
 99.9318  180  3 
 98.593  179.133  3 
 97.0968  178.191  3 
 96.7839  178  3 
 94.9749  176.939  3 
 93.9842  176.382  3 
 93.1658  175.934  3 
 91.3568  174.996  3 
 90.4877  174.573  3 
 89.5477  174.127  3 
 87.7387  173.334  3 
 86.3055  172.764  3 
 85.9296  172.618  3 
 84.1206  172  3 
 82.3116  171.471  3 
 80.5025  171.039  3 
 80.0365  170.955  3 
 78.6935  170.717  3 
 76.8844  170.496  3 
 75.0754  170.373  3 
 73.2663  170.341  3 
 71.4573  170.393  3 
 69.6482  170.519  3 
 67.8392  170.71  3 
 66.0431  170.955  3 
 66.0302  170.957  3 
 64.2211  171.261  3 
 62.4121  171.605  3 
 60.603  171.983  3 
 58.794  172.389  3 
 57.2208  172.764  3 
 56.9849  172.822  3 
 55.1759  173.292  3 
 53.3668  173.785  3 
 51.5578  174.302  3 
 50.6549  174.573  3 
 49.7487  174.854  3 
 47.9397  175.444  3 
 46.1307  176.062  3 
 45.2449  176.382  3 
 44.3216  176.728  3 
 42.5126  177.447  3 
 40.7601  178.191  3 
 40.7035  178.216  3 
 38.8945  179.1  3 
 37.2083  180  3 

 40.7035 -141.506  3 
 40.2192 -142.01  3 
 38.8945 -143.39  3 
 38.4924 -143.819  3 
 37.0854 -145.347  3 
 36.8332 -145.628  3 
 35.2764 -147.417  3 
 35.2595 -147.437  3 
 33.7943 -149.246  3 
 33.4673 -149.678  3 
 32.4407 -151.055  3 
 31.6583 -152.209  3 
 31.215 -152.864  3 
 30.1427 -154.673  3 
 29.8492 -155.273  3 
 29.2459 -156.482  3 
 28.5541 -158.291  3 
 28.1001 -160.101  3 
 28.0402 -160.666  3 
 27.9039 -161.91  3 
 27.9777 -163.719  3 
 28.0402 -164.061  3 
 28.3088 -165.528  3 
 28.8777 -167.337  3 
 29.6607 -169.146  3 
 29.8492 -169.503  3 
 30.6281 -170.955  3 
 31.6583 -172.614  3 
 31.7542 -172.764  3 
 33.0244 -174.573  3 
 33.4673 -175.161  3 
 34.4285 -176.382  3 
 35.2764 -177.405  3 
 35.9654 -178.191  3 
 37.0854 -179.424  3 
 37.641 -180  3 

 98.6917 -180  3 
 100.402 -178.56  3 
 100.845 -178.191  3 
 102.211 -177.042  3 
 102.989 -176.382  3 
 104.02 -175.487  3 
 105.056 -174.573  3 
 105.829 -173.872  3 
 107.027 -172.764  3 
 107.638 -172.179  3 
 108.891 -170.955  3 
 109.447 -170.389  3 
 110.642 -169.146  3 
 111.256 -168.475  3 
 112.272 -167.337  3 
 113.065 -166.396  3 
 113.774 -165.528  3 
 114.874 -164.078  3 
 115.136 -163.719  3 
 116.315 -161.91  3 
 116.683 -161.237  3 
 117.269 -160.101  3 
 117.952 -158.291  3 
 118.393 -156.482  3 
 118.492 -155.781  3 
 118.635 -154.673  3 
 118.741 -152.864  3 
 118.744 -151.055  3 
 118.66 -149.246  3 
 118.504 -147.437  3 
 118.492 -147.337  3 
 118.271 -145.628  3 
 117.985 -143.819  3 
 117.66 -142.01  3 
 117.309 -140.201  3 
 116.938 -138.392  3 
 116.683 -137.206  3 
 116.531 -136.583  3 
 116.067 -134.774  3 
 115.559 -132.965  3 
 114.987 -131.156  3 
 114.874 -130.834  3 
 114.254 -129.347  3 
 113.346 -127.538  3 
 113.065 -127.068  3 
 112.065 -125.729  3 
 111.256 -124.849  3 
 110.153 -123.92  3 
 109.447 -123.426  3 
 107.638 -122.459  3 
 106.771 -122.111  3 
 105.829 -121.786  3 
 104.02 -121.325  3 
 102.211 -121.013  3 
 100.402 -120.844  3 
 98.593 -120.843  3 
 96.7839 -120.953  3 
 94.9749 -121.116  3 
 93.1658 -121.303  3 
 91.3568 -121.498  3 
 89.5477 -121.69  3 
 87.7387 -121.87  3 
 85.9296 -122.033  3 
 84.9354 -122.111  3 
 84.1206 -122.176  3 
 82.3116 -122.292  3 
 80.5025 -122.372  3 
 78.6935 -122.411  3 
 76.8844 -122.419  3 
 75.0754 -122.411  3 
 73.2663 -122.404  3 
 71.4573 -122.413  3 
 69.6482 -122.457  3 
 67.8392 -122.555  3 
 66.0302 -122.733  3 
 64.2211 -123.027  3 
 62.4121 -123.486  3 
 61.2599 -123.92  3 
 60.603 -124.189  3 
 58.794 -125.184  3 
 57.977 -125.729  3 
 56.9849 -126.411  3 
 55.5266 -127.538  3 
 55.1759 -127.812  3 
 53.3668 -129.337  3 
 53.3564 -129.347  3 
 51.5578 -130.951  3 
 51.3373 -131.156  3 
 49.7487 -132.615  3 
 49.3811 -132.965  3 
 47.9397 -134.317  3 
 47.4691 -134.774  3 
 46.1307 -136.056  3 
 45.5984 -136.583  3 
 44.3216 -137.834  3 
 43.7707 -138.392  3 
 42.5126 -139.654  3 
 41.983 -140.201  3 
 40.7035 -141.506  3 


# Contour 2, label:      2.5
 33.5873 -22.6131  2.5 
 34.0772 -24.4221  2.5 
 34.4403 -26.2312  2.5 
 34.5855 -28.0402  2.5 
 34.142 -29.8492  2.5 

 34.142 -29.8492  2.5 
 33.4673 -30.4765  2.5 
 31.6583 -30.9185  2.5 
 29.8492 -30.8599  2.5 
 28.0402 -30.6264  2.5 
 26.2312 -30.2992  2.5 
 24.4221 -29.8989  2.5 
 24.2526 -29.8492  2.5 
 22.6131 -29.3962  2.5 
 20.804 -28.8058  2.5 
 18.995 -28.1039  2.5 
 18.8626 -28.0402  2.5 
 17.1859 -27.2175  2.5 
 15.4889 -26.2312  2.5 
 15.3769 -26.1615  2.5 
 13.5678 -24.85  2.5 
 13.0343 -24.4221  2.5 
 11.7588 -23.2984  2.5 
 11.0199 -22.6131  2.5 
 9.94975 -21.5329  2.5 
 9.23414 -20.804  2.5 
 8.1407 -19.6349  2.5 
 7.52871 -18.995  2.5 
 6.33166 -17.7421  2.5 
 5.77366 -17.1859  2.5 
 4.52261 -15.9829  2.5 
 3.84691 -15.3769  2.5 
 2.71357 -14.4023  2.5 
 1.67844 -13.5678  2.5 
 0.904523 -12.9592  2.5 
-0.657656 -11.7588  2.5 
-0.904523 -11.5694  2.5 
-2.71357 -10.1248  2.5 
-2.92034 -9.94975  2.5 
-4.52261 -8.52995  2.5 
-4.9306 -8.1407  2.5 
-6.33166 -6.68967  2.5 
-6.65412 -6.33166  2.5 
-8.10298 -4.52261  2.5 
-8.1407 -4.46726  2.5 
-9.29648 -2.71357  2.5 
-9.94975 -1.55324  2.5 
-10.3159 -0.904523  2.5 
-11.1813  0.904523  2.5 
-11.7588  2.28197  2.5 
-11.9497  2.71357  2.5 
-12.6189  4.52261  2.5 
-13.2291  6.33166  2.5 
-13.5678  7.5775  2.5 
-13.7401  8.1407  2.5 
-14.033  9.94975  2.5 
-13.8353  11.7588  2.5 
-13.5678  12.1334  2.5 
-11.7588  12.9068  2.5 
-9.94975  12.8805  2.5 
-8.1407  12.6206  2.5 
-6.33166  12.253  2.5 
-4.52261  11.8124  2.5 
-4.35119  11.7588  2.5 
-2.71357  11.2625  2.5 
-0.904523  10.6444  2.5 
 0.885651  9.94975  2.5 
 0.904523  9.94242  2.5 
 2.71357  9.08011  2.5 
 4.45037  8.1407  2.5 
 4.52261  8.09964  2.5 
 6.33166  6.91093  2.5 
 7.13549  6.33166  2.5 
 8.1407  5.54431  2.5 
 9.37422  4.52261  2.5 
 9.94975  4.00003  2.5 
 11.3432  2.71357  2.5 
 11.7588  2.29912  2.5 
 13.1791  0.904523  2.5 
 13.5678  0.506689  2.5 
 15.004 -0.904523  2.5 
 15.3769 -1.26988  2.5 
 16.9516 -2.71357  2.5 
 17.1859 -2.92194  2.5 
 18.995 -4.41593  2.5 
 19.1316 -4.52261  2.5 
 20.804 -5.82705  2.5 
 21.4628 -6.33166  2.5 
 22.6131 -7.2305  2.5 
 23.7411 -8.1407  2.5 
 24.4221 -8.71473  2.5 
 25.7986 -9.94975  2.5 
 26.2312 -10.3686  2.5 
 27.573 -11.7588  2.5 
 28.0402 -12.3022  2.5 
 29.0758 -13.5678  2.5 
 29.8492 -14.6664  2.5 
 30.3399 -15.3769  2.5 
 31.3891 -17.1859  2.5 
 31.6583 -17.7599  2.5 
 32.2559 -18.995  2.5 
 32.9778 -20.804  2.5 
 33.4673 -22.2824  2.5 
 33.5873 -22.6131  2.5 

-114.52  151.055  2.5 
-114.471  152.864  2.5 
-114.357  154.673  2.5 
-114.172  156.482  2.5 
-113.912  158.291  2.5 
-113.574  160.101  2.5 
-113.165  161.91  2.5 
-113.065  162.289  2.5 
-112.681  163.719  2.5 
-112.149  165.528  2.5 
-111.588  167.337  2.5 
-111.256  168.36  2.5 
-110.994  169.146  2.5 
-110.371  170.955  2.5 
-109.739  172.764  2.5 
-109.447  173.585  2.5 
-109.086  174.573  2.5 
-108.418  176.382  2.5 
-107.755  178.191  2.5 
-107.638  178.51  2.5 
-107.076  180  2.5 

-3.89114  158.291  2.5 
-4.52261  158.038  2.5 
-6.33166  157.201  2.5 
-7.68044  156.482  2.5 
-8.1407  156.237  2.5 
-9.94975  155.162  2.5 
-10.6914  154.673  2.5 
-11.7588  153.973  2.5 
-13.3043  152.864  2.5 
-13.5678  152.676  2.5 
-15.3769  151.298  2.5 
-15.6772  151.055  2.5 
-17.1859  149.852  2.5 
-17.9121  149.246  2.5 
-18.995  148.357  2.5 
-20.081  147.437  2.5 
-20.804  146.838  2.5 
-22.2413  145.628  2.5 
-22.6131  145.324  2.5 
-24.4221  143.839  2.5 
-24.446  143.819  2.5 
-26.2312  142.406  2.5 
-26.7302  142.01  2.5 
-28.0402  141.005  2.5 
-29.0858  140.201  2.5 
-29.8492  139.63  2.5 
-31.5013  138.392  2.5 
-31.6583  138.277  2.5 
-33.4673  136.958  2.5 
-33.9858  136.583  2.5 
-35.2764  135.665  2.5 
-36.5438  134.774  2.5 
-37.0854  134.398  2.5 
-38.8945  133.168  2.5 
-39.2009  132.965  2.5 
-40.7035  131.982  2.5 
-42.0068  131.156  2.5 
-42.5126  130.838  2.5 
-44.3216  129.75  2.5 
-45.0243  129.347  2.5 
-46.1307  128.719  2.5 
-47.9397  127.745  2.5 
-48.3487  127.538  2.5 
-49.7487  126.836  2.5 
-51.5578  125.986  2.5 
-52.1457  125.729  2.5 
-53.3668  125.2  2.5 
-55.1759  124.477  2.5 
-56.7023  123.92  2.5 
-56.9849  123.817  2.5 
-58.794  123.225  2.5 
-60.603  122.696  2.5 
-62.4121  122.228  2.5 
-62.9346  122.111  2.5 
-64.2211  121.825  2.5 
-66.0302  121.488  2.5 
-67.8392  121.212  2.5 
-69.6482  120.993  2.5 
-71.4573  120.824  2.5 
-73.2663  120.7  2.5 
-75.0754  120.614  2.5 
-76.8844  120.561  2.5 
-78.6935  120.54  2.5 
-80.5025  120.557  2.5 
-82.3116  120.615  2.5 
-84.1206  120.704  2.5 
-85.9296  120.821  2.5 
-87.7387  120.968  2.5 
-89.5477  121.15  2.5 
-91.3568  121.372  2.5 
-93.1658  121.642  2.5 
-94.9749  121.971  2.5 
-95.6319  122.111  2.5 
-96.7839  122.367  2.5 
-98.593  122.833  2.5 
-100.402  123.372  2.5 
-101.952  123.92  2.5 
-102.211  124.019  2.5 
-104.02  124.85  2.5 
-105.492  125.729  2.5 
-105.829  125.954  2.5 
-107.638  127.477  2.5 
-107.697  127.538  2.5 
-109.225  129.347  2.5 
-109.447  129.651  2.5 
-110.369  131.156  2.5 
-111.256  132.869  2.5 
-111.299  132.965  2.5 
-112.022  134.774  2.5 
-112.636  136.583  2.5 
-113.065  138.076  2.5 
-113.146  138.392  2.5 
-113.547  140.201  2.5 
-113.871  142.01  2.5 
-114.125  143.819  2.5 
-114.313  145.628  2.5 
-114.44  147.437  2.5 
-114.51  149.246  2.5 
-114.52  151.055  2.5 

 126.584  180  2.5 
 125.729  178.996  2.5 
 125.028  178.191  2.5 
 123.92  176.984  2.5 
 123.346  176.382  2.5 
 122.111  175.141  2.5 
 121.517  174.573  2.5 
 120.302  173.438  2.5 
 119.547  172.764  2.5 
 118.492  171.835  2.5 
 117.455  170.955  2.5 
 116.683  170.305  2.5 
 115.261  169.146  2.5 
 114.874  168.831  2.5 
 113.065  167.405  2.5 
 112.976  167.337  2.5 
 111.256  166.026  2.5 
 110.583  165.528  2.5 
 109.447  164.686  2.5 
 108.097  163.719  2.5 
 107.638  163.389  2.5 
 105.829  162.135  2.5 
 105.492  161.91  2.5 
 104.02  160.923  2.5 
 102.749  160.101  2.5 
 102.211  159.75  2.5 
 100.402  158.606  2.5 
 99.8941  158.291  2.5 
 98.593  157.486  2.5 
 96.9147  156.482  2.5 
 96.7839  156.405  2.5 
 94.9749  155.384  2.5 
 93.6405  154.673  2.5 
 93.1658  154.424  2.5 
 91.3568  153.537  2.5 
 89.8723  152.864  2.5 
 89.5477  152.72  2.5 
 87.7387  151.985  2.5 
 85.9296  151.326  2.5 
 85.0837  151.055  2.5 
 84.1206  150.752  2.5 
 82.3116  150.265  2.5 
 80.5025  149.862  2.5 
 78.6935  149.546  2.5 
 76.8844  149.314  2.5 
 76.0734  149.246  2.5 
 75.0754  149.164  2.5 
 73.2663  149.089  2.5 
 71.4573  149.081  2.5 
 69.6482  149.133  2.5 
 67.8392  149.239  2.5 
 67.7604  149.246  2.5 
 66.0302  149.398  2.5 
 64.2211  149.603  2.5 
 62.4121  149.847  2.5 
 60.603  150.126  2.5 
 58.794  150.435  2.5 
 56.9849  150.769  2.5 
 55.5173  151.055  2.5 
 55.1759  151.123  2.5 
 53.3668  151.5  2.5 
 51.5578  151.891  2.5 
 49.7487  152.294  2.5 
 47.9397  152.708  2.5 
 47.2706  152.864  2.5 
 46.1307  153.137  2.5 
 44.3216  153.579  2.5 
 42.5126  154.03  2.5 
 40.7035  154.49  2.5 
 39.993  154.673  2.5 
 38.8945  154.963  2.5 
 37.0854  155.446  2.5 
 35.2764  155.932  2.5 
 33.4673  156.42  2.5 
 33.2322  156.482  2.5 
 31.6583  156.913  2.5 
 29.8492  157.401  2.5 
 28.0402  157.878  2.5 
 26.4148  158.291  2.5 
 26.2312  158.34  2.5 
 24.4221  158.789  2.5 
 22.6131  159.211  2.5 
 20.804  159.599  2.5 
 18.995  159.942  2.5 
 18.007  160.101  2.5 
 17.1859  160.238  2.5 
 15.3769  160.483  2.5 
 13.5678  160.67  2.5 
 11.7588  160.794  2.5 
 9.94975  160.848  2.5 
 8.1407  160.827  2.5 
 6.33166  160.723  2.5 
 4.52261  160.531  2.5 
 2.71357  160.243  2.5 
 2.04019  160.101  2.5 
 0.904523  159.858  2.5 
-0.904523  159.368  2.5 
-2.71357  158.762  2.5 
-3.89114  158.291  2.5 

-101.174 -169.146  2.5 
-102.211 -170.638  2.5 
-102.425 -170.955  2.5 
-103.536 -172.764  2.5 
-104.02 -173.637  2.5 
-104.525 -174.573  2.5 
-105.395 -176.382  2.5 
-105.829 -177.412  2.5 
-106.148 -178.191  2.5 
-106.78 -180  2.5 

 23.2794 -120.302  2.5 
 22.6131 -120.952  2.5 
 21.4552 -122.111  2.5 
 20.804 -122.805  2.5 
 19.7937 -123.92  2.5 
 18.995 -124.834  2.5 
 18.2232 -125.729  2.5 
 17.1859 -126.954  2.5 
 16.6895 -127.538  2.5 
 15.3769 -129.089  2.5 
 15.1552 -129.347  2.5 
 13.5869 -131.156  2.5 
 13.5678 -131.177  2.5 
 11.9516 -132.965  2.5 
 11.7588 -133.173  2.5 
 10.2241 -134.774  2.5 
 9.94975 -135.051  2.5 
 8.38422 -136.583  2.5 
 8.1407 -136.814  2.5 
 6.41417 -138.392  2.5 
 6.33166 -138.465  2.5 
 4.52261 -140.004  2.5 
 4.27906 -140.201  2.5 
 2.71357 -141.423  2.5 
 1.90102 -142.01  2.5 
 0.904523 -142.709  2.5 
-0.842934 -143.819  2.5 
-0.904523 -143.858  2.5 
-2.71357 -144.902  2.5 
-4.10364 -145.628  2.5 
-4.52261 -145.848  2.5 
-6.33166 -146.716  2.5 
-8.00323 -147.437  2.5 
-8.1407 -147.497  2.5 
-9.94975 -148.216  2.5 
-11.7588 -148.854  2.5 
-13.0104 -149.246  2.5 
-13.5678 -149.423  2.5 
-15.3769 -149.936  2.5 
-17.1859 -150.385  2.5 
-18.995 -150.776  2.5 
-20.4757 -151.055  2.5 
-20.804 -151.118  2.5 
-22.6131 -151.423  2.5 
-24.4221 -151.682  2.5 
-26.2312 -151.894  2.5 
-28.0402 -152.059  2.5 
-29.8492 -152.177  2.5 
-31.6583 -152.247  2.5 
-33.4673 -152.273  2.5 
-35.2764 -152.255  2.5 
-37.0854 -152.195  2.5 
-38.8945 -152.098  2.5 
-40.7035 -151.967  2.5 
-42.5126 -151.806  2.5 
-44.3216 -151.619  2.5 
-46.1307 -151.413  2.5 
-47.9397 -151.193  2.5 
-49.048 -151.055  2.5 
-49.7487 -150.971  2.5 
-51.5578 -150.756  2.5 
-53.3668 -150.552  2.5 
-55.1759 -150.367  2.5 
-56.9849 -150.21  2.5 
-58.794 -150.089  2.5 
-60.603 -150.01  2.5 
-62.4121 -149.978  2.5 
-64.2211 -149.999  2.5 
-66.0302 -150.076  2.5 
-67.8392 -150.21  2.5 
-69.6482 -150.406  2.5 
-71.4573 -150.664  2.5 
-73.2663 -150.989  2.5 
-73.5723 -151.055  2.5 
-75.0754 -151.392  2.5 
-76.8844 -151.87  2.5 
-78.6935 -152.426  2.5 
-79.9387 -152.864  2.5 
-80.5025 -153.07  2.5 
-82.3116 -153.817  2.5 
-84.1206 -154.654  2.5 
-84.1586 -154.673  2.5 
-85.9296 -155.618  2.5 
-87.4166 -156.482  2.5 
-87.7387 -156.679  2.5 
-89.5477 -157.868  2.5 
-90.1514 -158.291  2.5 
-91.3568 -159.182  2.5 
-92.5338 -160.101  2.5 
-93.1658 -160.622  2.5 
-94.6505 -161.91  2.5 
-94.9749 -162.208  2.5 
-96.5456 -163.719  2.5 
-96.7839 -163.963  2.5 
-98.2502 -165.528  2.5 
-98.593 -165.92  2.5 
-99.787 -167.337  2.5 
-100.402 -168.125  2.5 
-101.174 -169.146  2.5 

 136.583 -61.535  2.5 
 134.774 -60.9973  2.5 
 133.561 -60.603  2.5 
 132.965 -60.4189  2.5 
 131.156 -59.854  2.5 
 129.347 -59.3131  2.5 
 127.538 -58.8239  2.5 
 127.406 -58.794  2.5 
 125.729 -58.4536  2.5 
 123.92 -58.2025  2.5 
 122.111 -58.1057  2.5 
 120.302 -58.2145  2.5 
 118.492 -58.5956  2.5 
 117.912 -58.794  2.5 
 116.683 -59.2643  2.5 
 114.874 -60.1101  2.5 
 113.932 -60.603  2.5 
 113.065 -61.0838  2.5 
 111.256 -62.1319  2.5 
 110.787 -62.4121  2.5 
 109.447 -63.2239  2.5 
 107.781 -64.2211  2.5 
 107.638 -64.3062  2.5 
 105.829 -65.3822  2.5 
 104.709 -66.0302  2.5 
 104.02 -66.4234  2.5 
 102.211 -67.4412  2.5 
 101.498 -67.8392  2.5 
 100.402 -68.4508  2.5 
 98.593 -69.4723  2.5 
 98.2892 -69.6482  2.5 
 96.7839 -70.5412  2.5 
 95.3093 -71.4573  2.5 
 94.9749 -71.6736  2.5 
 93.1658 -72.8993  2.5 
 92.644 -73.2663  2.5 
 91.3568 -74.2288  2.5 
 90.2582 -75.0754  2.5 
 89.5477 -75.6577  2.5 
 88.0723 -76.8844  2.5 
 87.7387 -77.1752  2.5 
 85.9992 -78.6935  2.5 
 85.9296 -78.7554  2.5 
 84.1206 -80.348  2.5 
 83.9442 -80.5025  2.5 
 82.3116 -81.8884  2.5 
 81.8042 -82.3116  2.5 
 80.5025 -83.3316  2.5 
 79.4735 -84.1206  2.5 
 78.6935 -84.6728  2.5 
 76.8858 -85.9296  2.5 
 75.0754 -87.0624  2.5 
 73.9838 -87.7387  2.5 
 73.2663 -88.1348  2.5 
 71.4573 -89.1241  2.5 
 70.6777 -89.5477  2.5 
 69.6482 -90.0453  2.5 
 67.8392 -90.9089  2.5 
 66.8921 -91.3568  2.5 
 66.0302 -91.7251  2.5 
 64.2211 -92.497  2.5 
 62.6468 -93.1658  2.5 
 62.4121 -93.2581  2.5 
 60.603 -93.9897  2.5 
 58.794 -94.74  2.5 
 58.2531 -94.9749  2.5 
 56.9849 -95.5003  2.5 
 55.1759 -96.291  2.5 
 54.1098 -96.7839  2.5 
 53.3668 -97.1184  2.5 
 51.5578 -97.9831  2.5 
 50.3547 -98.593  2.5 
 49.7487 -98.8976  2.5 
 47.9397 -99.8655  2.5 
 46.9975 -100.402  2.5 
 46.1307 -100.903  2.5 
 44.3216 -102.027  2.5 
 44.0467 -102.211  2.5 
 42.5126 -103.278  2.5 
 41.5409 -104.02  2.5 
 40.7035 -104.677  2.5 
 39.3384 -105.829  2.5 
 38.8945 -106.208  2.5 
 37.2899 -107.638  2.5 
 37.0854 -107.821  2.5 
 35.3032 -109.447  2.5 
 35.2764 -109.472  2.5 
 33.4673 -111.13  2.5 
 33.3287 -111.256  2.5 
 31.6583 -112.776  2.5 
 31.3349 -113.065  2.5 
 29.8492 -114.401  2.5 
 29.3131 -114.874  2.5 
 28.0402 -116.01  2.5 
 27.2735 -116.683  2.5 
 26.2312 -117.618  2.5 
 25.2452 -118.492  2.5 
 24.4221 -119.25  2.5 
 23.2794 -120.302  2.5 

 126.241 -180  2.5 
 127.538 -178.25  2.5 
 127.58 -178.191  2.5 
 128.867 -176.382  2.5 
 129.347 -175.698  2.5 
 130.115 -174.573  2.5 
 131.156 -173.017  2.5 
 131.322 -172.764  2.5 
 132.474 -170.955  2.5 
 132.965 -170.153  2.5 
 133.575 -169.146  2.5 
 134.62 -167.337  2.5 
 134.774 -167.054  2.5 
 135.603 -165.528  2.5 
 136.526 -163.719  2.5 
 136.583 -163.597  2.5 
 137.386 -161.91  2.5 
 138.185 -160.101  2.5 
 138.392 -159.591  2.5 
 138.931 -158.291  2.5 
 139.621 -156.482  2.5 
 140.201 -154.805  2.5 
 140.248 -154.673  2.5 
 140.817 -152.864  2.5 
 141.328 -151.055  2.5 
 141.786 -149.246  2.5 
 142.01 -148.259  2.5 
 142.203 -147.437  2.5 
 142.592 -145.628  2.5 
 142.969 -143.819  2.5 
 143.362 -142.01  2.5 
 143.801 -140.201  2.5 
 143.819 -140.134  2.5 
 144.304 -138.392  2.5 
 144.862 -136.583  2.5 
 145.46 -134.774  2.5 
 145.628 -134.283  2.5 
 146.088 -132.965  2.5 
 146.746 -131.156  2.5 
 147.437 -129.354  2.5 
 147.44 -129.347  2.5 
 148.16 -127.538  2.5 
 148.932 -125.729  2.5 
 149.246 -125.021  2.5 
 149.74 -123.92  2.5 
 150.592 -122.111  2.5 
 151.055 -121.153  2.5 
 151.462 -120.302  2.5 
 152.322 -118.492  2.5 
 152.864 -117.333  2.5 
 153.153 -116.683  2.5 
 153.921 -114.874  2.5 
 154.669 -113.065  2.5 
 154.673 -113.055  2.5 
 155.335 -111.256  2.5 
 155.999 -109.447  2.5 
 156.482 -108.128  2.5 
 156.648 -107.638  2.5 
 157.25 -105.829  2.5 
 157.853 -104.02  2.5 
 158.291 -102.668  2.5 
 158.427 -102.211  2.5 
 158.911 -100.402  2.5 
 159.308 -98.593  2.5 
 159.625 -96.7839  2.5 
 159.892 -94.9749  2.5 
 160.101 -93.3406  2.5 
 160.121 -93.1658  2.5 
 160.296 -91.3568  2.5 
 160.443 -89.5477  2.5 
 160.559 -87.7387  2.5 
 160.637 -85.9296  2.5 
 160.667 -84.1206  2.5 
 160.631 -82.3116  2.5 
 160.502 -80.5025  2.5 
 160.214 -78.6935  2.5 
 160.101 -78.204  2.5 
 159.727 -76.8844  2.5 
 159.126 -75.0754  2.5 
 158.466 -73.2663  2.5 
 158.291 -72.8138  2.5 
 157.647 -71.4573  2.5 
 156.747 -69.6482  2.5 
 156.482 -69.1405  2.5 
 155.608 -67.8392  2.5 
 154.673 -66.5459  2.5 
 154.161 -66.0302  2.5 
 152.864 -64.844  2.5 
 151.856 -64.2211  2.5 
 151.055 -63.7734  2.5 
 149.246 -63.1323  2.5 
 147.437 -62.7697  2.5 
 145.628 -62.5898  2.5 
 143.819 -62.5053  2.5 
 142.01 -62.4313  2.5 
 141.788 -62.4121  2.5 
 140.201 -62.2822  2.5 
 138.392 -61.9811  2.5 
 136.583 -61.535  2.5 


# Contour 3, label:        2
-180 -99.8706  2 
-179.633 -98.593  2 
-179.157 -96.7839  2 
-178.711 -94.9749  2 
-178.292 -93.1658  2 
-178.191 -92.6952  2 
-177.915 -91.3568  2 
-177.573 -89.5477  2 
-177.266 -87.7387  2 
-177.001 -85.9296  2 
-176.785 -84.1206  2 
-176.631 -82.3116  2 
-176.552 -80.5025  2 
-176.557 -78.6935  2 
-176.647 -76.8844  2 
-176.81 -75.0754  2 
-177.035 -73.2663  2 
-177.314 -71.4573  2 
-177.637 -69.6482  2 
-177.998 -67.8392  2 
-178.191 -66.9416  2 
-178.398 -66.0302  2 
-178.832 -64.2211  2 
-179.285 -62.4121  2 
-179.751 -60.603  2 
-180 -59.6406  2 

-128.263  174.573  2 
-127.703  176.382  2 
-127.538  176.941  2 
-127.161  178.191  2 
-126.641  180  2 

-102.211  80.6688  2 
-102.514  80.5025  2 
-104.02  79.5932  2 
-105.478  78.6935  2 
-105.829  78.4691  2 
-107.638  77.3902  2 
-108.625  76.8844  2 
-109.447  76.4717  2 
-111.256  75.7845  2 
-113.065  75.3854  2 
-114.874  75.3306  2 
-116.683  75.6866  2 
-118.492  76.5544  2 
-118.874  76.8844  2 
-120.302  78.1425  2 
-120.687  78.6935  2 
-121.737  80.5025  2 
-122.111  81.282  2 
-122.52  82.3116  2 
-123.307  84.1206  2 
-123.92  85.2556  2 
-124.263  85.9296  2 
-125.438  87.7387  2 
-125.729  88.102  2 
-126.935  89.5477  2 
-127.538  90.1467  2 
-128.906  91.3568  2 
-129.347  91.7001  2 
-131.156  92.8966  2 
-131.66  93.1658  2 
-132.965  93.8314  2 
-134.774  94.5386  2 
-136.262  94.9749  2 
-136.583  95.0727  2 
-138.392  95.5196  2 
-140.201  95.9089  2 
-142.01  96.3088  2 
-143.819  96.7461  2 
-143.979  96.7839  2 
-145.628  97.3109  2 
-147.437  97.96  2 
-148.916  98.593  2 
-149.246  98.8169  2 
-151.055  100.352  2 
-151.101  100.402  2 
-151.95  102.211  2 
-152.155  104.02  2 
-151.975  105.829  2 
-151.526  107.638  2 
-151.055  108.923  2 
-150.862  109.447  2 
-149.999  111.256  2 
-149.246  112.607  2 
-148.981  113.065  2 
-147.811  114.874  2 
-147.437  115.423  2 
-146.543  116.683  2 
-145.628  117.976  2 
-145.256  118.492  2 
-144.052  120.302  2 
-143.819  120.706  2 
-143.059  122.111  2 
-142.28  123.92  2 
-142.01  124.65  2 
-141.647  125.729  2 
-141.086  127.538  2 
-140.558  129.347  2 
-140.201  130.596  2 
-140.051  131.156  2 
-139.561  132.965  2 
-139.078  134.774  2 
-138.608  136.583  2 
-138.392  137.441  2 
-138.167  138.392  2 
-137.774  140.201  2 
-137.426  142.01  2 
-137.094  143.819  2 
-136.758  145.628  2 
-136.583  146.522  2 
-136.408  147.437  2 
-136.038  149.246  2 
-135.64  151.055  2 
-135.214  152.864  2 
-134.774  154.6  2 
-134.755  154.673  2 
-134.261  156.482  2 
-133.732  158.291  2 
-133.171  160.101  2 
-132.965  160.726  2 
-132.579  161.91  2 
-131.966  163.719  2 
-131.341  165.528  2 
-131.156  166.056  2 
-130.707  167.337  2 
-130.076  169.146  2 
-129.458  170.955  2 
-129.347  171.289  2 
-128.849  172.764  2 
-128.263  174.573  2 

 17.1859  136.02  2 
 15.3769  135.742  2 
 13.5678  135.396  2 
 11.7588  134.982  2 
 10.9793  134.774  2 
 9.94975  134.494  2 
 8.1407  133.934  2 
 6.33166  133.298  2 
 5.47955  132.965  2 
 4.52261  132.585  2 
 2.71357  131.796  2 
 1.36961  131.156  2 
 0.904523  130.931  2 
-0.904523  129.992  2 
-2.06518  129.347  2 
-2.71357  128.981  2 
-4.52261  127.904  2 
-5.10919  127.538  2 
-6.33166  126.763  2 
-7.90649  125.729  2 
-8.1407  125.572  2 
-9.94975  124.335  2 
-10.5457  123.92  2 
-11.7588  123.062  2 
-13.093  122.111  2 
-13.5678  121.766  2 
-15.3769  120.45  2 
-15.5795  120.302  2 
-17.1859  119.107  2 
-18.0061  118.492  2 
-18.995  117.738  2 
-20.3635  116.683  2 
-20.804  116.341  2 
-22.6131  114.937  2 
-22.6937  114.874  2 
-24.4221  113.543  2 
-25.0516  113.065  2 
-26.2312  112.176  2 
-27.478  111.256  2 
-28.0402  110.845  2 
-29.8492  109.553  2 
-30.0004  109.447  2 
-31.6583  108.299  2 
-32.6368  107.638  2 
-33.4673  107.083  2 
-35.2764  105.899  2 
-35.3842  105.829  2 
-37.0854  104.742  2 
-38.2341  104.02  2 
-38.8945  103.608  2 
-40.7035  102.495  2 
-41.1712  102.211  2 
-42.5126  101.402  2 
-44.1888  100.402  2 
-44.3216  100.323  2 
-46.1307  99.2521  2 
-47.2505  98.593  2 
-47.9397  98.1865  2 
-49.7487  97.1319  2 
-50.3575  96.7839  2 
-51.5578  96.095  2 
-53.3668  95.0959  2 
-53.5984  94.9749  2 
-55.1759  94.1402  2 
-56.9849  93.2561  2 
-57.1886  93.1658  2 
-58.794  92.4213  2 
-60.603  91.6493  2 
-61.3445  91.3568  2 
-62.4121  90.897  2 
-64.2211  90.1488  2 
-65.6835  89.5477  2 
-66.0302  89.3862  2 
-67.8392  88.5585  2 
-69.5624  87.7387  2 
-69.6482  87.6914  2 
-71.4573  86.7197  2 
-72.9012  85.9296  2 
-73.2663  85.7029  2 
-75.0754  84.6414  2 
-76.0361  84.1206  2 
-76.8844  83.6343  2 
-78.6935  82.7866  2 
-80.2932  82.3116  2 
-80.5025  82.2537  2 
-82.3116  82.1054  2 
-84.1206  82.1623  2 
-85.9296  82.2972  2 
-86.1  82.3116  2 
-87.7387  82.4457  2 
-89.5477  82.5639  2 
-91.3568  82.6296  2 
-93.1658  82.6281  2 
-94.9749  82.5455  2 
-96.7839  82.3637  2 
-97.0748  82.3116  2 
-98.593  82.034  2 
-100.402  81.4942  2 
-102.211  80.6688  2 

 143.487  180  2 
 142.01  178.246  2 
 141.964  178.191  2 
 140.392  176.382  2 
 140.201  176.169  2 
 138.781  174.573  2 
 138.392  174.145  2 
 137.14  172.764  2 
 136.583  172.158  2 
 135.474  170.955  2 
 134.774  170.203  2 
 133.784  169.146  2 
 132.965  168.276  2 
 132.071  167.337  2 
 131.156  166.376  2 
 130.335  165.528  2 
 129.347  164.502  2 
 128.576  163.719  2 
 127.538  162.655  2 
 126.793  161.91  2 
 125.729  160.833  2 
 124.985  160.101  2 
 123.92  159.035  2 
 123.155  158.291  2 
 122.111  157.259  2 
 121.304  156.482  2 
 120.302  155.505  2 
 119.422  154.673  2 
 118.492  153.787  2 
 117.489  152.864  2 
 116.683  152.12  2 
 115.481  151.055  2 
 114.874  150.519  2 
 113.368  149.246  2 
 113.065  148.993  2 
 111.256  147.544  2 
 111.117  147.437  2 
 109.447  146.175  2 
 108.693  145.628  2 
 107.638  144.876  2 
 106.095  143.819  2 
 105.829  143.64  2 
 104.02  142.469  2 
 103.281  142.01  2 
 102.211  141.357  2 
 100.402  140.304  2 
 100.214  140.201  2 
 98.593  139.332  2 
 96.7839  138.417  2 
 96.7312  138.392  2 
 94.9749  137.566  2 
 93.1658  136.765  2 
 92.7276  136.583  2 
 91.3568  136.021  2 
 89.5477  135.332  2 
 87.9481  134.774  2 
 87.7387  134.701  2 
 85.9296  134.135  2 
 84.1206  133.634  2 
 82.3116  133.202  2 
 81.1242  132.965  2 
 80.5025  132.841  2 
 78.6935  132.55  2 
 76.8844  132.326  2 
 75.0754  132.166  2 
 73.2663  132.064  2 
 71.4573  132.015  2 
 69.6482  132.015  2 
 67.8392  132.058  2 
 66.0302  132.141  2 
 64.2211  132.258  2 
 62.4121  132.406  2 
 60.603  132.583  2 
 58.794  132.785  2 
 57.3371  132.965  2 
 56.9849  133.009  2 
 55.1759  133.251  2 
 53.3668  133.506  2 
 51.5578  133.769  2 
 49.7487  134.036  2 
 47.9397  134.301  2 
 46.1307  134.562  2 
 44.6233  134.774  2 
 44.3216  134.817  2 
 42.5126  135.063  2 
 40.7035  135.299  2 
 38.8945  135.524  2 
 37.0854  135.737  2 
 35.2764  135.934  2 
 33.4673  136.11  2 
 31.6583  136.261  2 
 29.8492  136.382  2 
 28.0402  136.468  2 
 26.2312  136.517  2 
 24.4221  136.522  2 
 22.6131  136.48  2 
 20.804  136.386  2 
 18.995  136.233  2 
 17.1859  136.02  2 

-35.2764 -131.045  2 
-36.0951 -131.156  2 
-37.0854 -131.287  2 
-38.8945 -131.458  2 
-40.7035 -131.561  2 
-42.5126 -131.599  2 
-44.3216 -131.583  2 
-46.1307 -131.521  2 
-47.9397 -131.425  2 
-49.7487 -131.306  2 
-51.5578 -131.176  2 
-51.8426 -131.156  2 
-53.3668 -131.046  2 
-55.1759 -130.925  2 
-56.9849 -130.825  2 
-58.794 -130.755  2 
-60.603 -130.722  2 
-62.4121 -130.733  2 
-64.2211 -130.79  2 
-66.0302 -130.896  2 
-67.8392 -131.052  2 
-68.7562 -131.156  2 
-69.6482 -131.257  2 
-71.4573 -131.513  2 
-73.2663 -131.82  2 
-75.0754 -132.181  2 
-76.8844 -132.595  2 
-78.3071 -132.965  2 
-78.6935 -133.066  2 
-80.5025 -133.596  2 
-82.3116 -134.186  2 
-83.9383 -134.774  2 
-84.1206 -134.84  2 
-85.9296 -135.562  2 
-87.7387 -136.352  2 
-88.2256 -136.583  2 
-89.5477 -137.215  2 
-91.3568 -138.152  2 
-91.7893 -138.392  2 
-93.1658 -139.164  2 
-94.8955 -140.201  2 
-94.9749 -140.249  2 
-96.7839 -141.409  2 
-97.6733 -142.01  2 
-98.593 -142.638  2 
-100.247 -143.819  2 
-100.402 -143.932  2 
-102.211 -145.299  2 
-102.629 -145.628  2 
-104.02 -146.743  2 
-104.852 -147.437  2 
-105.829 -148.269  2 
-106.933 -149.246  2 
-107.638 -149.884  2 
-108.885 -151.055  2 
-109.447 -151.596  2 
-110.719 -152.864  2 
-111.256 -153.415  2 
-112.443 -154.673  2 
-113.065 -155.353  2 
-114.065 -156.482  2 
-114.874 -157.428  2 
-115.589 -158.291  2 
-116.683 -159.672  2 
-117.011 -160.101  2 
-118.315 -161.91  2 
-118.492 -162.171  2 
-119.495 -163.719  2 
-120.302 -165.038  2 
-120.589 -165.528  2 
-121.59 -167.337  2 
-122.111 -168.336  2 
-122.517 -169.146  2 
-123.363 -170.955  2 
-123.92 -172.244  2 
-124.136 -172.764  2 
-124.822 -174.573  2 
-125.434 -176.382  2 
-125.729 -177.387  2 
-125.958 -178.191  2 
-126.395 -180  2 

 4.52261 -45.9642  2 
 4.67214 -46.1307  2 
 6.22982 -47.9397  2 
 6.33166 -48.0617  2 
 7.82473 -49.7487  2 
 8.1407 -50.1079  2 
 9.49917 -51.5578  2 
 9.94975 -52.0313  2 
 11.2909 -53.3668  2 
 11.7588 -53.8201  2 
 13.2103 -55.1759  2 
 13.5678 -55.5006  2 
 15.2316 -56.9849  2 
 15.3769 -57.1121  2 
 17.1859 -58.6904  2 
 17.3048 -58.794  2 
 18.995 -60.2659  2 
 19.3829 -60.603  2 
 20.804 -61.8594  2 
 21.426 -62.4121  2 
 22.6131 -63.5206  2 
 23.3505 -64.2211  2 
 24.4221 -65.3275  2 
 25.0858 -66.0302  2 
 26.2312 -67.402  2 
 26.5851 -67.8392  2 
 27.8215 -69.6482  2 
 28.0402 -70.0484  2 
 28.7856 -71.4573  2 
 29.477 -73.2663  2 
 29.8492 -74.8736  2 
 29.8951 -75.0754  2 
 30.0411 -76.8844  2 
 29.9131 -78.6935  2 
 29.8492 -78.9796  2 
 29.5221 -80.5025  2 
 28.8812 -82.3116  2 
 28.0402 -84.0549  2 
 28.0093 -84.1206  2 
 26.9388 -85.9296  2 
 26.2312 -86.9498  2 
 25.6884 -87.7387  2 
 24.4221 -89.3711  2 
 24.2845 -89.5477  2 
 22.7401 -91.3568  2 
 22.6131 -91.4956  2 
 21.0609 -93.1658  2 
 20.804 -93.4274  2 
 19.2425 -94.9749  2 
 18.995 -95.2085  2 
 17.2587 -96.7839  2 
 17.1859 -96.8468  2 
 15.3769 -98.3489  2 
 15.0734 -98.593  2 
 13.5678 -99.7617  2 
 12.7273 -100.402  2 
 11.7588 -101.128  2 
 10.3044 -102.211  2 
 9.94975 -102.476  2 
 8.1407 -103.829  2 
 7.88814 -104.02  2 
 6.33166 -105.22  2 
 5.56021 -105.829  2 
 4.52261 -106.67  2 
 3.36481 -107.638  2 
 2.71357 -108.195  2 
 1.28747 -109.447  2 
 0.904523 -109.789  2 
-0.712821 -111.256  2 
-0.904523 -111.432  2 
-2.67945 -113.065  2 
-2.71357 -113.097  2 
-4.52261 -114.756  2 
-4.65321 -114.874  2 
-6.33166 -116.382  2 
-6.67297 -116.683  2 
-8.1407 -117.953  2 
-8.77915 -118.492  2 
-9.94975 -119.453  2 
-11.0191 -120.302  2 
-11.7588 -120.868  2 
-13.453 -122.111  2 
-13.5678 -122.191  2 
-15.3769 -123.409  2 
-16.183 -123.92  2 
-17.1859 -124.527  2 
-18.995 -125.549  2 
-19.3354 -125.729  2 
-20.804 -126.472  2 
-22.6131 -127.312  2 
-23.1381 -127.538  2 
-24.4221 -128.068  2 
-26.2312 -128.747  2 
-28.0175 -129.347  2 
-28.0402 -129.354  2 
-29.8492 -129.884  2 
-31.6583 -130.343  2 
-33.4673 -130.73  2 
-35.2764 -131.045  2 

-37.0854  48.9672  2 
-38.8945  49.2938  2 
-40.7035  49.5463  2 
-42.5126  49.7239  2 
-43.0132  49.7487  2 
-44.3216  49.8179  2 
-46.1307  49.8124  2 
-47.0025  49.7487  2 
-47.9397  49.6675  2 
-49.7487  49.3001  2 
-51.5578  48.5585  2 
-52.4466  47.9397  2 
-53.3668  47.0513  2 
-54.0189  46.1307  2 
-54.8902  44.3216  2 
-55.1759  43.4277  2 
-55.4167  42.5126  2 
-55.7268  40.7035  2 
-55.8867  38.8945  2 
-55.9247  37.0854  2 
-55.8625  35.2764  2 
-55.7153  33.4673  2 
-55.4938  31.6583  2 
-55.2064  29.8492  2 
-55.1759  29.6916  2 
-54.8544  28.0402  2 
-54.4519  26.2312  2 
-54.0079  24.4221  2 
-53.5304  22.6131  2 
-53.3668  22.0293  2 
-53.0177  20.804  2 
-52.4744  18.995  2 
-51.8994  17.1859  2 
-51.5578  16.1816  2 
-51.2775  15.3769  2 
-50.5953  13.5678  2 
-49.8442  11.7588  2 
-49.7487  11.5503  2 
-48.9992  9.94975  2 
-48.0524  8.1407  2 
-47.9397  7.94571  2 
-46.9915  6.33166  2 
-46.1307  4.99867  2 
-45.8207  4.52261  2 
-44.5577  2.71357  2 
-44.3216  2.38945  2 
-43.2422  0.904523  2 
-42.5126 -0.0994458  2 
-41.9384 -0.904523  2 
-40.706 -2.71357  2 
-40.7035 -2.71729  2 
-39.5198 -4.52261  2 
-38.8945 -5.47183  2 
-38.3193 -6.33166  2 
-37.0854 -8.12326  2 
-37.0729 -8.1407  2 
-35.7066 -9.94975  2 
-35.2764 -10.4846  2 
-34.1662 -11.7588  2 
-33.4673 -12.4934  2 
-32.358 -13.5678  2 
-31.6583 -14.1835  2 
-30.2189 -15.3769  2 
-29.8492 -15.6594  2 
-28.0402 -17.0136  2 
-27.8089 -17.1859  2 
-26.2312 -18.3228  2 
-25.3181 -18.995  2 
-24.4221 -19.6614  2 
-22.9625 -20.804  2 
-22.6131 -21.0952  2 
-20.9511 -22.6131  2 
-20.804 -22.7578  2 
-19.2393 -24.4221  2 
-18.995 -24.6922  2 
-17.6324 -26.2312  2 
-17.1859 -26.7426  2 
-16.0249 -28.0402  2 
-15.3769 -28.7587  2 
-14.3345 -29.8492  2 
-13.5678 -30.6261  2 
-12.4679 -31.6583  2 
-11.7588 -32.2908  2 
-10.3361 -33.4673  2 
-9.94975 -33.7698  2 
-8.1407 -35.1141  2 
-7.91507 -35.2764  2 
-6.33166 -36.3815  2 
-5.30853 -37.0854  2 
-4.52261 -37.6261  2 
-2.71357 -38.8846  2 
-2.69985 -38.8945  2 
-0.904523 -40.2756  2 
-0.400746 -40.7035  2 
 0.904523 -41.9569  2 
 1.44773 -42.5126  2 
 2.71357 -43.901  2 
 3.0985 -44.3216  2 
 4.52261 -45.9642  2 

 71.7601 -18.995  2 
 71.4573 -18.7025  2 
 69.9982 -17.1859  2 
 69.6482 -16.8107  2 
 68.3874 -15.3769  2 
 67.8392 -14.7341  2 
 66.888 -13.5678  2 
 66.0302 -12.4866  2 
 65.4686 -11.7588  2 
 64.2211 -10.1109  2 
 64.0999 -9.94975  2 
 62.7358 -8.1407  2 
 62.4121 -7.71575  2 
 61.325 -6.33166  2 
 60.603 -5.44327  2 
 59.793 -4.52261  2 
 58.794 -3.47517  2 
 57.9582 -2.71357  2 
 56.9849 -1.94431  2 
 55.4957 -0.904523  2 
 55.1759 -0.707531  2 
 53.3668  0.367603  2 
 52.4612  0.904523  2 
 51.5578  1.41616  2 
 49.7487  2.48416  2 
 49.3752  2.71357  2 
 47.9397  3.60149  2 
 46.5644  4.52261  2 
 46.1307  4.822  2 
 44.3216  6.1708  2 
 44.12  6.33166  2 
 42.5126  7.65345  2 
 41.9492  8.1407  2 
 40.7035  9.22931  2 
 39.8821  9.94975  2 
 38.8945  10.803  2 
 37.7337  11.7588  2 
 37.0854  12.2685  2 
 35.2764  13.5638  2 
 35.2702  13.5678  2 
 33.4673  14.6595  2 
 32.1748  15.3769  2 
 31.6583  15.6415  2 
 29.8492  16.5387  2 
 28.521  17.1859  2 
 28.0402  17.4107  2 
 26.2312  18.2752  2 
 24.7676  18.995  2 
 24.4221  19.1661  2 
 22.6131  20.1177  2 
 21.4142  20.804  2 
 20.804  21.1789  2 
 18.995  22.4522  2 
 18.7835  22.6131  2 
 17.1859  23.8496  2 
 16.4484  24.4221  2 
 15.3769  25.2523  2 
 14.0676  26.2312  2 
 13.5678  26.5988  2 
 11.7588  27.857  2 
 11.4796  28.0402  2 
 9.94975  29.0138  2 
 8.54253  29.8492  2 
 8.1407  30.0789  2 
 6.33166  31.0666  2 
 5.20057  31.6583  2 
 4.52261  32.0002  2 
 2.71357  32.8949  2 
 1.54209  33.4673  2 
 0.904523  33.7707  2 
-0.904523  34.6389  2 
-2.22278  35.2764  2 
-2.71357  35.513  2 
-4.52261  36.3914  2 
-5.9764  37.0854  2 
-6.33166  37.258  2 
-8.1407  38.1039  2 
-9.93237  38.8945  2 
-9.94975  38.9023  2 
-11.7588  39.6697  2 
-13.5678  40.3836  2 
-14.4361  40.7035  2 
-15.3769  41.0673  2 
-17.1859  41.7395  2 
-18.995  42.4221  2 
-19.2219  42.5126  2 
-20.804  43.1737  2 
-22.6131  43.9584  2 
-23.4533  44.3216  2 
-24.4221  44.7466  2 
-26.2312  45.5131  2 
-27.7637  46.1307  2 
-28.0402  46.2419  2 
-29.8492  46.919  2 
-31.6583  47.5371  2 
-32.9739  47.9397  2 
-33.4673  48.0894  2 
-35.2764  48.5656  2 
-37.0854  48.9672  2 

 180 -59.5987  2 
 179.825 -58.794  2 
 179.458 -56.9849  2 
 179.086 -55.1759  2 
 178.695 -53.3668  2 
 178.279 -51.5578  2 
 178.191 -51.1994  2 
 177.833 -49.7487  2 
 177.355 -47.9397  2 
 176.841 -46.1307  2 
 176.382 -44.6068  2 
 176.295 -44.3216  2 
 175.718 -42.5126  2 
 175.116 -40.7035  2 
 174.573 -39.1387  2 
 174.486 -38.8945  2 
 173.816 -37.0854  2 
 173.108 -35.2764  2 
 172.764 -34.4343  2 
 172.349 -33.4673  2 
 171.542 -31.6583  2 
 170.955 -30.3887  2 
 170.69 -29.8492  2 
 169.787 -28.0402  2 
 169.146 -26.7673  2 
 168.853 -26.2312  2 
 167.869 -24.4221  2 
 167.337 -23.4422  2 
 166.836 -22.6131  2 
 165.735 -20.804  2 
 165.528 -20.4687  2 
 164.471 -18.995  2 
 163.719 -17.9973  2 
 162.963 -17.1859  2 
 161.91 -16.113  2 
 160.932 -15.3769  2 
 160.101 -14.7667  2 
 158.291 -13.8767  2 
 157.201 -13.5678  2 
 156.482 -13.3671  2 
 154.673 -13.1706  2 
 152.864 -13.2234  2 
 151.055 -13.4616  2 
 150.541 -13.5678  2 
 149.246 -13.8303  2 
 147.437 -14.2838  2 
 145.628 -14.7799  2 
 143.819 -15.2799  2 
 143.444 -15.3769  2 
 142.01 -15.7495  2 
 140.201 -16.1469  2 
 138.392 -16.436  2 
 136.583 -16.6203  2 
 134.774 -16.7316  2 
 132.965 -16.7999  2 
 131.156 -16.8491  2 
 129.347 -16.8994  2 
 127.538 -16.9692  2 
 125.729 -17.0761  2 
 124.503 -17.1859  2 
 123.92 -17.2387  2 
 122.111 -17.4787  2 
 120.302 -17.816  2 
 118.492 -18.278  2 
 116.683 -18.8569  2 
 116.307 -18.995  2 
 114.874 -19.5346  2 
 113.065 -20.2714  2 
 111.819 -20.804  2 
 111.256 -21.0473  2 
 109.447 -21.8469  2 
 107.706 -22.6131  2 
 107.638 -22.6432  2 
 105.829 -23.427  2 
 104.02 -24.1712  2 
 103.364 -24.4221  2 
 102.211 -24.8639  2 
 100.402 -25.4873  2 
 98.593 -26.0269  2 
 97.7696 -26.2312  2 
 96.7839 -26.4779  2 
 94.9749 -26.8309  2 
 93.1658 -27.0761  2 
 91.3568 -27.2068  2 
 89.5477 -27.2163  2 
 87.7387 -27.0979  2 
 85.9296 -26.8442  2 
 84.1206 -26.4465  2 
 83.4146 -26.2312  2 
 82.3116 -25.8996  2 
 80.5025 -25.1907  2 
 78.9436 -24.4221  2 
 78.6935 -24.2982  2 
 76.8844 -23.2097  2 
 76.0405 -22.6131  2 
 75.0754 -21.9093  2 
 73.735 -20.804  2 
 73.2663 -20.4043  2 
 71.7601 -18.995  2 

 180 -99.8984  2 
 179.86 -100.402  2 
 179.341 -102.211  2 
 178.798 -104.02  2 
 178.227 -105.829  2 
 178.191 -105.938  2 
 177.626 -107.638  2 
 176.997 -109.447  2 
 176.382 -111.15  2 
 176.344 -111.256  2 
 175.661 -113.065  2 
 174.959 -114.874  2 
 174.573 -115.84  2 
 174.236 -116.683  2 
 173.494 -118.492  2 
 172.764 -120.244  2 
 172.74 -120.302  2 
 171.964 -122.111  2 
 171.181 -123.92  2 
 170.955 -124.435  2 
 170.384 -125.729  2 
 169.588 -127.538  2 
 169.146 -128.556  2 
 168.798 -129.347  2 
 168.022 -131.156  2 
 167.337 -132.824  2 
 167.278 -132.965  2 
 166.551 -134.774  2 
 165.865 -136.583  2 
 165.528 -137.517  2 
 165.204 -138.392  2 
 164.562 -140.201  2 
 163.941 -142.01  2 
 163.719 -142.669  2 
 163.317 -143.819  2 
 162.698 -145.628  2 
 162.092 -147.437  2 
 161.91 -147.987  2 
 161.476 -149.246  2 
 160.854 -151.055  2 
 160.225 -152.864  2 
 160.101 -153.209  2 
 159.55 -154.673  2 
 158.831 -156.482  2 
 158.291 -157.728  2 
 158.033 -158.291  2 
 157.096 -160.101  2 
 156.482 -161.159  2 
 156.039 -161.91  2 
 154.898 -163.719  2 
 154.673 -164.06  2 
 153.704 -165.528  2 
 152.864 -166.772  2 
 152.485 -167.337  2 
 151.252 -169.146  2 
 151.055 -169.432  2 
 150.015 -170.955  2 
 149.246 -172.082  2 
 148.784 -172.764  2 
 147.562 -174.573  2 
 147.437 -174.759  2 
 146.348 -176.382  2 
 145.628 -177.469  2 
 145.148 -178.191  2 
 143.964 -180  2 


# Contour 4, label:      1.5
-141.644  180  1.5 
-142.01  178.532  1.5 
-142.095  178.191  1.5 
-142.627  176.382  1.5 
-143.228  174.573  1.5 
-143.819  172.964  1.5 
-143.894  172.764  1.5 
-144.623  170.955  1.5 
-145.403  169.146  1.5 
-145.628  168.646  1.5 
-146.23  167.337  1.5 
-147.09  165.528  1.5 
-147.437  164.805  1.5 
-147.971  163.719  1.5 
-148.859  161.91  1.5 
-149.246  161.109  1.5 
-149.742  160.101  1.5 
-150.609  158.291  1.5 
-151.055  157.332  1.5 
-151.451  156.482  1.5 
-152.268  154.673  1.5 
-152.864  153.336  1.5 
-153.071  152.864  1.5 
-153.862  151.055  1.5 
-154.673  149.25  1.5 
-154.675  149.246  1.5 
-155.487  147.437  1.5 
-156.346  145.628  1.5 
-156.482  145.349  1.5 
-157.207  143.819  1.5 
-158.102  142.01  1.5 
-158.291  141.623  1.5 
-158.949  140.201  1.5 
-159.718  138.392  1.5 
-160.101  137.444  1.5 
-160.425  136.583  1.5 
-161.13  134.774  1.5 
-161.891  132.965  1.5 
-161.91  132.922  1.5 
-162.673  131.156  1.5 
-163.531  129.347  1.5 
-163.719  128.974  1.5 
-164.431  127.538  1.5 
-165.391  125.729  1.5 
-165.528  125.479  1.5 
-166.378  123.92  1.5 
-167.337  122.226  1.5 
-167.402  122.111  1.5 
-168.434  120.302  1.5 
-169.146  119.069  1.5 
-169.482  118.492  1.5 
-170.53  116.683  1.5 
-170.955  115.944  1.5 
-171.576  114.874  1.5 
-172.611  113.065  1.5 
-172.764  112.792  1.5 
-173.629  111.256  1.5 
-174.573  109.544  1.5 
-174.627  109.447  1.5 
-175.598  107.638  1.5 
-176.382  106.135  1.5 
-176.543  105.829  1.5 
-177.46  104.02  1.5 
-178.191  102.527  1.5 
-178.349  102.211  1.5 
-179.215  100.402  1.5 
-180  98.7353  1.5 

-160.101 -6.7935  1.5 
-160.682 -8.1407  1.5 
-161.345 -9.94975  1.5 
-161.891 -11.7588  1.5 
-161.91 -11.8294  1.5 
-162.345 -13.5678  1.5 
-162.701 -15.3769  1.5 
-162.968 -17.1859  1.5 
-163.157 -18.995  1.5 
-163.273 -20.804  1.5 
-163.327 -22.6131  1.5 
-163.327 -24.4221  1.5 
-163.28 -26.2312  1.5 
-163.195 -28.0402  1.5 
-163.078 -29.8492  1.5 
-162.935 -31.6583  1.5 
-162.772 -33.4673  1.5 
-162.594 -35.2764  1.5 
-162.405 -37.0854  1.5 
-162.211 -38.8945  1.5 
-162.016 -40.7035  1.5 
-161.91 -41.6924  1.5 
-161.824 -42.5126  1.5 
-161.634 -44.3216  1.5 
-161.443 -46.1307  1.5 
-161.251 -47.9397  1.5 
-161.057 -49.7487  1.5 
-160.862 -51.5578  1.5 
-160.666 -53.3668  1.5 
-160.471 -55.1759  1.5 
-160.275 -56.9849  1.5 
-160.101 -58.5685  1.5 
-160.076 -58.794  1.5 
-159.861 -60.603  1.5 
-159.63 -62.4121  1.5 
-159.406 -64.2211  1.5 
-159.202 -66.0302  1.5 
-159.026 -67.8392  1.5 
-158.886 -69.6482  1.5 
-158.787 -71.4573  1.5 
-158.736 -73.2663  1.5 
-158.736 -75.0754  1.5 
-158.792 -76.8844  1.5 
-158.905 -78.6935  1.5 
-159.075 -80.5025  1.5 
-159.301 -82.3116  1.5 
-159.585 -84.1206  1.5 
-159.929 -85.9296  1.5 
-160.101 -86.702  1.5 
-160.326 -87.7387  1.5 
-160.774 -89.5477  1.5 
-161.272 -91.3568  1.5 
-161.814 -93.1658  1.5 
-161.91 -93.4619  1.5 
-162.386 -94.9749  1.5 
-162.985 -96.7839  1.5 
-163.604 -98.593  1.5 
-163.719 -98.9177  1.5 
-164.228 -100.402  1.5 
-164.863 -102.211  1.5 
-165.516 -104.02  1.5 
-165.528 -104.051  1.5 
-166.179 -105.829  1.5 
-166.862 -107.638  1.5 
-167.337 -108.856  1.5 
-167.563 -109.447  1.5 
-168.274 -111.256  1.5 
-169 -113.065  1.5 
-169.146 -113.42  1.5 
-169.734 -114.874  1.5 
-170.48 -116.683  1.5 
-170.955 -117.811  1.5 
-171.239 -118.492  1.5 
-172.016 -120.302  1.5 
-172.764 -121.996  1.5 
-172.815 -122.111  1.5 
-173.641 -123.92  1.5 
-174.485 -125.729  1.5 
-174.573 -125.917  1.5 
-175.349 -127.538  1.5 
-176.206 -129.347  1.5 
-176.382 -129.729  1.5 
-177.064 -131.156  1.5 
-177.897 -132.965  1.5 
-178.191 -133.629  1.5 
-178.724 -134.774  1.5 
-179.535 -136.583  1.5 
-180 -137.646  1.5 

-62.0125 -9.94975  1.5 
-62.4121 -9.57081  1.5 
-63.9148 -8.1407  1.5 
-64.2211 -7.83246  1.5 
-65.6797 -6.33166  1.5 
-66.0302 -5.94138  1.5 
-67.2746 -4.52261  1.5 
-67.8392 -3.81539  1.5 
-68.7088 -2.71357  1.5 
-69.6482 -1.40654  1.5 
-70.0109 -0.904523  1.5 
-71.2233  0.904523  1.5 
-71.4573  1.27676  1.5 
-72.3902  2.71357  1.5 
-73.2663  4.12087  1.5 
-73.5292  4.52261  1.5 
-74.6779  6.33166  1.5 
-75.0754  6.97529  1.5 
-75.8458  8.1407  1.5 
-76.8844  9.75226  1.5 
-77.0216  9.94975  1.5 
-78.2319  11.7588  1.5 
-78.6935  12.4735  1.5 
-79.4547  13.5678  1.5 
-80.5025  15.139  1.5 
-80.6733  15.3769  1.5 
-81.8972  17.1859  1.5 
-82.3116  17.8434  1.5 
-83.0956  18.995  1.5 
-84.1206  20.6206  1.5 
-84.2495  20.804  1.5 
-85.4433  22.6131  1.5 
-85.9296  23.3752  1.5 
-86.7097  24.4221  1.5 
-87.7387  25.7992  1.5 
-88.1323  26.2312  1.5 
-89.5477  27.7377  1.5 
-89.9155  28.0402  1.5 
-91.3568  29.1683  1.5 
-92.5847  29.8492  1.5 
-93.1658  30.1531  1.5 
-94.9749  30.7875  1.5 
-96.7839  31.1425  1.5 
-98.593  31.2758  1.5 
-100.402  31.2283  1.5 
-102.211  31.0297  1.5 
-104.02  30.7017  1.5 
-105.829  30.2622  1.5 
-107.221  29.8492  1.5 
-107.638  29.7267  1.5 
-109.447  29.1087  1.5 
-111.256  28.4213  1.5 
-112.185  28.0402  1.5 
-113.065  27.6777  1.5 
-114.874  26.8908  1.5 
-116.339  26.2312  1.5 
-116.683  26.0752  1.5 
-118.492  25.2472  1.5 
-120.302  24.4238  1.5 
-120.305  24.4221  1.5 
-122.111  23.6287  1.5 
-123.92  22.8581  1.5 
-124.502  22.6131  1.5 
-125.729  22.1083  1.5 
-127.538  21.355  1.5 
-128.821  20.804  1.5 
-129.347  20.5831  1.5 
-131.156  19.7877  1.5 
-132.85  18.995  1.5 
-132.965  18.9426  1.5 
-134.774  18.06  1.5 
-136.43  17.1859  1.5 
-136.583  17.1067  1.5 
-138.392  16.0999  1.5 
-139.587  15.3769  1.5 
-140.201  15.0114  1.5 
-142.01  13.8442  1.5 
-142.408  13.5678  1.5 
-143.819  12.5927  1.5 
-144.934  11.7588  1.5 
-145.628  11.2369  1.5 
-147.215  9.94975  1.5 
-147.437  9.76611  1.5 
-149.246  8.16338  1.5 
-149.27  8.1407  1.5 
-151.055  6.40036  1.5 
-151.122  6.33166  1.5 
-152.788  4.52261  1.5 
-152.864  4.43407  1.5 
-154.286  2.71357  1.5 
-154.673  2.20877  1.5 
-155.634  0.904523  1.5 
-156.482 -0.340589  1.5 
-156.855 -0.904523  1.5 
-157.975 -2.71357  1.5 
-158.291 -3.26552  1.5 
-158.999 -4.52261  1.5 
-159.897 -6.33166  1.5 
-160.101 -6.7935  1.5 

-33.4673 -106.621  1.5 
-32.2411 -105.829  1.5 
-31.6583 -105.429  1.5 
-29.8492 -104.073  1.5 
-29.7827 -104.02  1.5 
-28.0402 -102.549  1.5 
-27.6586 -102.211  1.5 
-26.2312 -100.89  1.5 
-25.7195 -100.402  1.5 
-24.4221 -99.1308  1.5 
-23.8776 -98.593  1.5 
-22.6131 -97.3287  1.5 
-22.0589 -96.7839  1.5 
-20.804 -95.5319  1.5 
-20.2307 -94.9749  1.5 
-18.995 -93.7392  1.5 
-18.4077 -93.1658  1.5 
-17.1859 -91.9253  1.5 
-16.6135 -91.3568  1.5 
-15.3769 -90.065  1.5 
-14.8711 -89.5477  1.5 
-13.5678 -88.1227  1.5 
-13.2099 -87.7387  1.5 
-11.7588 -86.0294  1.5 
-11.673 -85.9296  1.5 
-10.3158 -84.1206  1.5 
-9.94975 -83.527  1.5 
-9.20491 -82.3116  1.5 
-8.40061 -80.5025  1.5 
-8.1407 -79.517  1.5 
-7.93123 -78.6935  1.5 
-7.78279 -76.8844  1.5 
-7.90253 -75.0754  1.5 
-8.1407 -73.7556  1.5 
-8.22171 -73.2663  1.5 
-8.67762 -71.4573  1.5 
-9.22755 -69.6482  1.5 
-9.84156 -67.8392  1.5 
-9.94975 -67.5584  1.5 
-10.5023 -66.0302  1.5 
-11.2075 -64.2211  1.5 
-11.7588 -62.9279  1.5 
-11.9719 -62.4121  1.5 
-12.8241 -60.603  1.5 
-13.5678 -59.2316  1.5 
-13.8076 -58.794  1.5 
-14.9824 -56.9849  1.5 
-15.3769 -56.4641  1.5 
-16.4109 -55.1759  1.5 
-17.1859 -54.3257  1.5 
-18.116 -53.3668  1.5 
-18.995 -52.5308  1.5 
-20.0505 -51.5578  1.5 
-20.804 -50.8921  1.5 
-22.079 -49.7487  1.5 
-22.6131 -49.2753  1.5 
-24.0396 -47.9397  1.5 
-24.4221 -47.575  1.5 
-25.8318 -46.1307  1.5 
-26.2312 -45.7033  1.5 
-27.4442 -44.3216  1.5 
-28.0402 -43.6087  1.5 
-28.9229 -42.5126  1.5 
-29.8492 -41.3331  1.5 
-30.3386 -40.7035  1.5 
-31.6583 -39.0396  1.5 
-31.7754 -38.8945  1.5 
-33.3342 -37.0854  1.5 
-33.4673 -36.9422  1.5 
-35.1247 -35.2764  1.5 
-35.2764 -35.1359  1.5 
-37.0854 -33.5986  1.5 
-37.2555 -33.4673  1.5 
-38.8945 -32.2526  1.5 
-39.7513 -31.6583  1.5 
-40.7035 -31.0024  1.5 
-42.3913 -29.8492  1.5 
-42.5126 -29.7647  1.5 
-44.3216 -28.4622  1.5 
-44.8721 -28.0402  1.5 
-46.1307 -27.0126  1.5 
-47.0159 -26.2312  1.5 
-47.9397 -25.3473  1.5 
-48.8443 -24.4221  1.5 
-49.7487 -23.4191  1.5 
-50.4437 -22.6131  1.5 
-51.5578 -21.2428  1.5 
-51.9071 -20.804  1.5 
-53.3246 -18.995  1.5 
-53.3668 -18.9417  1.5 
-54.7938 -17.1859  1.5 
-55.1759 -16.7337  1.5 
-56.3894 -15.3769  1.5 
-56.9849 -14.7366  1.5 
-58.1524 -13.5678  1.5 
-58.794 -12.9347  1.5 
-60.0557 -11.7588  1.5 
-60.603 -11.243  1.5 
-62.0125 -9.94975  1.5 

-141.206 -180  1.5 
-140.763 -178.191  1.5 
-140.268 -176.382  1.5 
-140.201 -176.155  1.5 
-139.732 -174.573  1.5 
-139.156 -172.764  1.5 
-138.54 -170.955  1.5 
-138.392 -170.544  1.5 
-137.884 -169.146  1.5 
-137.182 -167.337  1.5 
-136.583 -165.898  1.5 
-136.426 -165.528  1.5 
-135.603 -163.719  1.5 
-134.774 -162.054  1.5 
-134.701 -161.91  1.5 
-133.712 -160.101  1.5 
-132.965 -158.834  1.5 
-132.642 -158.291  1.5 
-131.502 -156.482  1.5 
-131.156 -155.956  1.5 
-130.303 -154.673  1.5 
-129.347 -153.288  1.5 
-129.051 -152.864  1.5 
-127.752 -151.055  1.5 
-127.538 -150.762  1.5 
-126.408 -149.246  1.5 
-125.729 -148.35  1.5 
-125.021 -147.437  1.5 
-123.92 -146.035  1.5 
-123.591 -145.628  1.5 
-122.112 -143.819  1.5 
-120.563 -142.01  1.5 
-120.302 -141.71  1.5 
-118.916 -140.201  1.5 
-118.492 -139.755  1.5 
-117.141 -138.392  1.5 
-116.683 -137.939  1.5 
-115.264 -136.583  1.5 
-114.874 -136.216  1.5 
-113.298 -134.774  1.5 
-113.065 -134.562  1.5 
-111.256 -132.967  1.5 
-109.447 -131.421  1.5 
-109.128 -131.156  1.5 
-107.638 -129.921  1.5 
-106.925 -129.347  1.5 
-105.829 -128.466  1.5 
-104.635 -127.538  1.5 
-104.02 -127.061  1.5 
-102.237 -125.729  1.5 
-102.211 -125.71  1.5 
-100.402 -124.425  1.5 
-99.6441 -123.92  1.5 
-98.593 -123.225  1.5 
-96.7839 -122.121  1.5 
-96.7654 -122.111  1.5 
-94.9749 -121.112  1.5 
-93.4072 -120.302  1.5 
-93.1658 -120.178  1.5 
-91.3568 -119.314  1.5 
-89.5477 -118.51  1.5 
-89.5062 -118.492  1.5 
-87.7387 -117.763  1.5 
-85.9296 -117.069  1.5 
-84.8459 -116.683  1.5 
-84.1206 -116.425  1.5 
-82.3116 -115.827  1.5 
-80.5025 -115.275  1.5 
-79.0821 -114.874  1.5 
-78.6935 -114.764  1.5 
-76.8844 -114.292  1.5 
-75.0754 -113.858  1.5 
-73.2663 -113.463  1.5 
-71.4573 -113.103  1.5 
-71.2442 -113.065  1.5 
-69.6482 -112.776  1.5 
-67.8392 -112.485  1.5 
-66.0302 -112.228  1.5 
-64.2211 -112.008  1.5 
-62.4121 -111.823  1.5 
-60.603 -111.673  1.5 
-58.794 -111.554  1.5 
-56.9849 -111.46  1.5 
-55.1759 -111.384  1.5 
-53.3668 -111.316  1.5 
-51.8755 -111.256  1.5 
-51.5578 -111.243  1.5 
-49.7487 -111.15  1.5 
-47.9397 -111.024  1.5 
-46.1307 -110.846  1.5 
-44.3216 -110.598  1.5 
-42.5126 -110.26  1.5 
-40.7035 -109.815  1.5 
-39.5246 -109.447  1.5 
-38.8945 -109.24  1.5 
-37.0854 -108.52  1.5 
-35.2764 -107.658  1.5 
-35.2398 -107.638  1.5 
-33.4673 -106.621  1.5 

 104.02  125.807  1.5 
 105.829  126.87  1.5 
 106.912  127.538  1.5 
 107.638  127.982  1.5 
 109.447  129.141  1.5 
 109.754  129.347  1.5 
 111.256  130.345  1.5 
 112.424  131.156  1.5 
 113.065  131.599  1.5 
 114.874  132.904  1.5 
 114.956  132.965  1.5 
 116.683  134.261  1.5 
 117.337  134.774  1.5 
 118.492  135.684  1.5 
 119.575  136.583  1.5 
 120.302  137.193  1.5 
 121.64  138.392  1.5 
 122.111  138.827  1.5 
 123.518  140.201  1.5 
 123.92  140.605  1.5 
 125.27  142.01  1.5 
 125.729  142.497  1.5 
 126.944  143.819  1.5 
 127.538  144.472  1.5 
 128.564  145.628  1.5 
 129.347  146.514  1.5 
 130.144  147.437  1.5 
 131.156  148.61  1.5 
 131.693  149.246  1.5 
 132.965  150.744  1.5 
 133.224  151.055  1.5 
 134.749  152.864  1.5 
 134.774  152.894  1.5 
 136.275  154.673  1.5 
 136.583  155.032  1.5 
 137.816  156.482  1.5 
 138.392  157.146  1.5 
 139.381  158.291  1.5 
 140.201  159.221  1.5 
 140.977  160.101  1.5 
 142.01  161.244  1.5 
 142.612  161.91  1.5 
 143.819  163.22  1.5 
 144.28  163.719  1.5 
 145.628  165.156  1.5 
 145.979  165.528  1.5 
 147.437  167.057  1.5 
 147.706  167.337  1.5 
 149.246  168.931  1.5 
 149.456  169.146  1.5 
 151.055  170.786  1.5 
 151.222  170.955  1.5 
 152.864  172.633  1.5 
 152.993  172.764  1.5 
 154.673  174.49  1.5 
 154.754  174.573  1.5 
 156.482  176.381  1.5 
 158.145  178.191  1.5 
 158.291  178.36  1.5 
 159.677  180  1.5 

-14.2327  71.4573  1.5 
-15.3769  73.183  1.5 
-15.434  73.2663  1.5 
-16.313  75.0754  1.5 
-16.8175  76.8844  1.5 
-16.9713  78.6935  1.5 
-16.7999  80.5025  1.5 
-16.3198  82.3116  1.5 
-15.5384  84.1206  1.5 
-15.3769  84.3926  1.5 
-14.5051  85.9296  1.5 
-13.5678  87.2361  1.5 
-13.2163  87.7387  1.5 
-11.7588  89.4771  1.5 
-11.6999  89.5477  1.5 
-9.96597  91.3568  1.5 
-9.94975  91.372  1.5 
-8.1407  93.0501  1.5 
-8.01259  93.1658  1.5 
-6.33166  94.5748  1.5 
-5.83783  94.9749  1.5 
-4.52261  95.9891  1.5 
-3.45716  96.7839  1.5 
-2.71357  97.3245  1.5 
-0.930562  98.593  1.5 
-0.904523  98.6116  1.5 
 0.904523  99.928  1.5 
 1.53943  100.402  1.5 
 2.71357  101.302  1.5 
 3.92002  102.211  1.5 
 4.52261  102.667  1.5 
 6.33166  103.995  1.5 
 6.36699  104.02  1.5 
 8.1407  105.267  1.5 
 8.97308  105.829  1.5 
 9.94975  106.478  1.5 
 11.7588  107.629  1.5 
 11.7736  107.638  1.5 
 13.5678  108.705  1.5 
 14.8796  109.447  1.5 
 15.3769  109.719  1.5 
 17.1859  110.658  1.5 
 18.415  111.256  1.5 
 18.995  111.526  1.5 
 20.804  112.308  1.5 
 22.6131  113.018  1.5 
 22.7445  113.065  1.5 
 24.4221  113.632  1.5 
 26.2312  114.175  1.5 
 28.0402  114.654  1.5 
 28.9864  114.874  1.5 
 29.8492  115.063  1.5 
 31.6583  115.409  1.5 
 33.4673  115.701  1.5 
 35.2764  115.94  1.5 
 37.0854  116.125  1.5 
 38.8945  116.252  1.5 
 40.7035  116.317  1.5 
 42.5126  116.322  1.5 
 44.3216  116.283  1.5 
 46.1307  116.211  1.5 
 47.9397  116.117  1.5 
 49.7487  116.008  1.5 
 51.5578  115.891  1.5 
 53.3668  115.769  1.5 
 55.1759  115.646  1.5 
 56.9849  115.523  1.5 
 58.794  115.402  1.5 
 60.603  115.283  1.5 
 62.4121  115.172  1.5 
 64.2211  115.077  1.5 
 66.0302  115.004  1.5 
 67.8392  114.961  1.5 
 69.6482  114.955  1.5 
 71.4573  114.993  1.5 
 73.2663  115.08  1.5 
 75.0754  115.222  1.5 
 76.8844  115.424  1.5 
 78.6935  115.69  1.5 
 80.5025  116.023  1.5 
 82.3116  116.425  1.5 
 83.2982  116.683  1.5 
 84.1206  116.893  1.5 
 85.9296  117.425  1.5 
 87.7387  118.026  1.5 
 88.9958  118.492  1.5 
 89.5477  118.693  1.5 
 91.3568  119.415  1.5 
 93.1658  120.205  1.5 
 93.3713  120.302  1.5 
 94.9749  121.039  1.5 
 96.7839  121.927  1.5 
 97.1382  122.111  1.5 
 98.593  122.845  1.5 
 100.402  123.8  1.5 
 100.62  123.92  1.5 
 102.211  124.78  1.5 
 103.881  125.729  1.5 
 104.02  125.807  1.5 

 96.7839  5.99436  1.5 
 94.9749  5.6954  1.5 
 93.1658  5.47781  1.5 
 91.3568  5.3546  1.5 
 89.5477  5.33989  1.5 
 87.7387  5.44904  1.5 
 85.9296  5.69874  1.5 
 84.1206  6.10626  1.5 
 83.4167  6.33166  1.5 
 82.3116  6.68239  1.5 
 80.5025  7.42227  1.5 
 79.03  8.1407  1.5 
 78.6935  8.29891  1.5 
 76.8844  9.26048  1.5 
 75.6649  9.94975  1.5 
 75.0754  10.2674  1.5 
 73.2663  11.2802  1.5 
 72.4173  11.7588  1.5 
 71.4573  12.2773  1.5 
 69.6482  13.2423  1.5 
 69.0303  13.5678  1.5 
 67.8392  14.1782  1.5 
 66.0302  15.0817  1.5 
 65.4391  15.3769  1.5 
 64.2211  15.9812  1.5 
 62.4121  16.8878  1.5 
 61.8554  17.1859  1.5 
 60.603  17.8694  1.5 
 58.794  18.9889  1.5 
 58.7854  18.995  1.5 
 56.9849  20.3713  1.5 
 56.4464  20.804  1.5 
 55.1759  21.8626  1.5 
 54.2741  22.6131  1.5 
 53.3668  23.3607  1.5 
 52.0397  24.4221  1.5 
 51.5578  24.7925  1.5 
 49.7487  26.1149  1.5 
 49.5823  26.2312  1.5 
 47.9397  27.3136  1.5 
 46.7414  28.0402  1.5 
 46.1307  28.3917  1.5 
 44.3216  29.3714  1.5 
 43.3885  29.8492  1.5 
 42.5126  30.2859  1.5 
 40.7035  31.1738  1.5 
 39.7357  31.6583  1.5 
 38.8945  32.0835  1.5 
 37.0854  33.0628  1.5 
 36.3983  33.4673  1.5 
 35.2764  34.1622  1.5 
 33.6436  35.2764  1.5 
 33.4673  35.405  1.5 
 31.6583  36.8163  1.5 
 31.3318  37.0854  1.5 
 29.8492  38.3656  1.5 
 29.2531  38.8945  1.5 
 28.0402  39.9841  1.5 
 27.2361  40.7035  1.5 
 26.2312  41.5776  1.5 
 25.1093  42.5126  1.5 
 24.4221  43.0543  1.5 
 22.6642  44.3216  1.5 
 22.6131  44.3567  1.5 
 20.804  45.486  1.5 
 19.6487  46.1307  1.5 
 18.995  46.4952  1.5 
 17.1859  47.4412  1.5 
 16.2063  47.9397  1.5 
 15.3769  48.3769  1.5 
 13.5678  49.3408  1.5 
 12.8236  49.7487  1.5 
 11.7588  50.3694  1.5 
 9.94975  51.4777  1.5 
 9.82305  51.5578  1.5 
 8.1407  52.7066  1.5 
 7.21365  53.3668  1.5 
 6.33166  54.0494  1.5 
 4.91053  55.1759  1.5 
 4.52261  55.5088  1.5 
 2.80615  56.9849  1.5 
 2.71357  57.0698  1.5 
 0.904523  58.6821  1.5 
 0.769473  58.794  1.5 
-0.904523  60.1855  1.5 
-1.46689  60.603  1.5 
-2.71357  61.5317  1.5 
-3.95168  62.4121  1.5 
-4.52261  62.8382  1.5 
-6.33166  64.1574  1.5 
-6.4206  64.2211  1.5 
-8.1407  65.5558  1.5 
-8.75523  66.0302  1.5 
-9.94975  67.0595  1.5 
-10.86  67.8392  1.5 
-11.7588  68.7302  1.5 
-12.696  69.6482  1.5 
-13.5678  70.6841  1.5 
-14.2327  71.4573  1.5 

 180  98.6841  1.5 
 179.923  98.593  1.5 
 178.517  96.7839  1.5 
 178.191  96.3409  1.5 
 177.289  94.9749  1.5 
 176.382  93.5436  1.5 
 176.161  93.1658  1.5 
 175.154  91.3568  1.5 
 174.573  90.2676  1.5 
 174.214  89.5477  1.5 
 173.357  87.7387  1.5 
 172.764  86.4169  1.5 
 172.557  85.9296  1.5 
 171.84  84.1206  1.5 
 171.169  82.3116  1.5 
 170.955  81.6859  1.5 
 170.568  80.5025  1.5 
 170.022  78.6935  1.5 
 169.518  76.8844  1.5 
 169.146  75.4412  1.5 
 169.055  75.0754  1.5 
 168.643  73.2663  1.5 
 168.257  71.4573  1.5 
 167.894  69.6482  1.5 
 167.551  67.8392  1.5 
 167.337  66.6448  1.5 
 167.23  66.0302  1.5 
 166.935  64.2211  1.5 
 166.652  62.4121  1.5 
 166.381  60.603  1.5 
 166.119  58.794  1.5 
 165.861  56.9849  1.5 
 165.598  55.1759  1.5 
 165.528  54.7076  1.5 
 165.332  53.3668  1.5 
 165.044  51.5578  1.5 
 164.717  49.7487  1.5 
 164.339  47.9397  1.5 
 163.895  46.1307  1.5 
 163.719  45.5045  1.5 
 163.396  44.3216  1.5 
 162.826  42.5126  1.5 
 162.163  40.7035  1.5 
 161.91  40.0812  1.5 
 161.447  38.8945  1.5 
 160.658  37.0854  1.5 
 160.101  35.9743  1.5 
 159.763  35.2764  1.5 
 158.75  33.4673  1.5 
 158.291  32.7583  1.5 
 157.593  31.6583  1.5 
 156.482  30.1443  1.5 
 156.267  29.8492  1.5 
 154.783  28.0402  1.5 
 154.673  27.9203  1.5 
 153.131  26.2312  1.5 
 152.864  25.9654  1.5 
 151.294  24.4221  1.5 
 151.055  24.2052  1.5 
 149.253  22.6131  1.5 
 149.246  22.6072  1.5 
 147.437  21.1613  1.5 
 146.964  20.804  1.5 
 145.628  19.8527  1.5 
 144.325  18.995  1.5 
 143.819  18.68  1.5 
 142.01  17.6582  1.5 
 141.044  17.1859  1.5 
 140.201  16.7885  1.5 
 138.392  16.0614  1.5 
 136.583  15.4502  1.5 
 136.33  15.3769  1.5 
 134.774  14.93  1.5 
 132.965  14.4865  1.5 
 131.156  14.1041  1.5 
 129.347  13.7666  1.5 
 128.187  13.5678  1.5 
 127.538  13.4562  1.5 
 125.729  13.1556  1.5 
 123.92  12.8508  1.5 
 122.111  12.5263  1.5 
 120.302  12.1704  1.5 
 118.492  11.7772  1.5 
 118.415  11.7588  1.5 
 116.683  11.3429  1.5 
 114.874  10.8748  1.5 
 113.065  10.3801  1.5 
 111.547  9.94975  1.5 
 111.256  9.86541  1.5 
 109.447  9.33242  1.5 
 107.638  8.79682  1.5 
 105.829  8.26731  1.5 
 105.38  8.1407  1.5 
 104.02  7.74566  1.5 
 102.211  7.24656  1.5 
 100.402  6.78197  1.5 
 98.593  6.36216  1.5 
 98.4393  6.33166  1.5 
 96.7839  5.99436  1.5 

 180 -137.545  1.5 
 179.612 -138.392  1.5 
 178.855 -140.201  1.5 
 178.191 -141.999  1.5 
 178.187 -142.01  1.5 
 177.586 -143.819  1.5 
 177.003 -145.628  1.5 
 176.426 -147.437  1.5 
 176.382 -147.575  1.5 
 175.853 -149.246  1.5 
 175.266 -151.055  1.5 
 174.656 -152.864  1.5 
 174.573 -153.101  1.5 
 174.022 -154.673  1.5 
 173.35 -156.482  1.5 
 172.764 -157.961  1.5 
 172.634 -158.291  1.5 
 171.869 -160.101  1.5 
 171.046 -161.91  1.5 
 170.955 -162.098  1.5 
 170.164 -163.719  1.5 
 169.218 -165.528  1.5 
 169.146 -165.659  1.5 
 168.209 -167.337  1.5 
 167.337 -168.822  1.5 
 167.143 -169.146  1.5 
 166.026 -170.955  1.5 
 165.528 -171.744  1.5 
 164.871 -172.764  1.5 
 163.719 -174.533  1.5 
 163.692 -174.573  1.5 
 162.5 -176.382  1.5 
 161.91 -177.288  1.5 
 161.316 -178.191  1.5 
 160.159 -180  1.5 


# Contour 5, label:        1
-158.497  180  1 
-158.875  178.191  1 
-159.514  176.382  1 
-160.101  174.98  1 
-160.289  174.573  1 
-161.149  172.764  1 
-161.91  171.052  1 
-161.953  170.955  1 
-162.729  169.146  1 
-163.416  167.337  1 
-163.719  166.489  1 
-164.039  165.528  1 
-164.602  163.719  1 
-165.114  161.91  1 
-165.528  160.348  1 
-165.59  160.101  1 
-166.049  158.291  1 
-166.512  156.482  1 
-166.998  154.673  1 
-167.337  153.502  1 
-167.518  152.864  1 
-168.076  151.055  1 
-168.671  149.246  1 
-169.146  147.885  1 
-169.302  147.437  1 
-169.966  145.628  1 
-170.659  143.819  1 
-170.955  143.083  1 
-171.392  142.01  1 
-172.171  140.201  1 
-172.764  138.911  1 
-173.011  138.392  1 
-173.939  136.583  1 
-174.573  135.435  1 
-174.96  134.774  1 
-176.085  132.965  1 
-176.382  132.507  1 
-177.318  131.156  1 
-178.191  129.929  1 
-178.633  129.347  1 
-180  127.56  1 

-169.146 -155.343  1 
-169.439 -156.482  1 
-169.974 -158.291  1 
-170.633 -160.101  1 
-170.955 -160.825  1 
-171.444 -161.91  1 
-172.503 -163.719  1 
-172.764 -164.079  1 
-173.899 -165.528  1 
-174.573 -166.223  1 
-175.784 -167.337  1 
-176.382 -167.812  1 
-178.191 -169.088  1 
-178.28 -169.146  1 
-180 -170.203  1 

-132.965 -18.2866  1 
-133.829 -18.995  1 
-134.774 -19.8394  1 
-135.71 -20.804  1 
-136.583 -21.8185  1 
-137.179 -22.6131  1 
-138.35 -24.4221  1 
-138.392 -24.4964  1 
-139.278 -26.2312  1 
-140.061 -28.0402  1 
-140.201 -28.4094  1 
-140.704 -29.8492  1 
-141.242 -31.6583  1 
-141.691 -33.4673  1 
-142.01 -35.0192  1 
-142.06 -35.2764  1 
-142.355 -37.0854  1 
-142.589 -38.8945  1 
-142.768 -40.7035  1 
-142.895 -42.5126  1 
-142.974 -44.3216  1 
-143.007 -46.1307  1 
-142.995 -47.9397  1 
-142.943 -49.7487  1 
-142.854 -51.5578  1 
-142.732 -53.3668  1 
-142.584 -55.1759  1 
-142.418 -56.9849  1 
-142.252 -58.794  1 
-142.111 -60.603  1 
-142.01 -62.3375  1 
-142.006 -62.4121  1 
-141.919 -64.2211  1 
-141.83 -66.0302  1 
-141.733 -67.8392  1 
-141.625 -69.6482  1 
-141.509 -71.4573  1 
-141.389 -73.2663  1 
-141.275 -75.0754  1 
-141.179 -76.8844  1 
-141.126 -78.6935  1 
-141.166 -80.5025  1 
-141.328 -82.3116  1 
-141.566 -84.1206  1 
-141.857 -85.9296  1 
-142.01 -86.775  1 
-142.191 -87.7387  1 
-142.562 -89.5477  1 
-142.964 -91.3568  1 
-143.402 -93.1658  1 
-143.819 -94.754  1 
-143.879 -94.9749  1 
-144.396 -96.7839  1 
-144.97 -98.593  1 
-145.615 -100.402  1 
-145.628 -100.436  1 
-146.305 -102.211  1 
-147.064 -104.02  1 
-147.437 -104.849  1 
-147.87 -105.829  1 
-148.721 -107.638  1 
-149.246 -108.681  1 
-149.618 -109.447  1 
-150.545 -111.256  1 
-151.055 -112.195  1 
-151.507 -113.065  1 
-152.499 -114.874  1 
-152.864 -115.51  1 
-153.505 -116.683  1 
-154.555 -118.492  1 
-154.673 -118.69  1 
-155.58 -120.302  1 
-156.482 -121.821  1 
-156.642 -122.111  1 
-157.662 -123.92  1 
-158.291 -124.975  1 
-158.703 -125.729  1 
-159.741 -127.538  1 
-160.101 -128.135  1 
-160.765 -129.347  1 
-161.799 -131.156  1 
-161.91 -131.348  1 
-162.75 -132.965  1 
-163.682 -134.774  1 
-163.719 -134.85  1 
-164.473 -136.583  1 
-165.182 -138.392  1 
-165.528 -139.421  1 
-165.774 -140.201  1 
-166.257 -142.01  1 
-166.679 -143.819  1 
-167.067 -145.628  1 
-167.337 -146.946  1 
-167.433 -147.437  1 
-167.777 -149.246  1 
-168.137 -151.055  1 
-168.529 -152.864  1 
-168.967 -154.673  1 
-169.146 -155.343  1 

-69.6482 -90.1576  1 
-68.5926 -89.5477  1 
-67.8392 -89.0507  1 
-66.0302 -87.8487  1 
-65.8635 -87.7387  1 
-64.2211 -86.4701  1 
-63.5259 -85.9296  1 
-62.4121 -84.8921  1 
-61.586 -84.1206  1 
-60.603 -82.9861  1 
-60.0202 -82.3116  1 
-58.8182 -80.5025  1 
-58.794 -80.4514  1 
-57.946 -78.6935  1 
-57.375 -76.8844  1 
-57.0624 -75.0754  1 
-56.9849 -73.307  1 
-56.983 -73.2663  1 
-56.9849 -73.2426  1 
-57.1212 -71.4573  1 
-57.4664 -69.6482  1 
-58.0128 -67.8392  1 
-58.7575 -66.0302  1 
-58.794 -65.9573  1 
-59.5754 -64.2211  1 
-60.5076 -62.4121  1 
-60.603 -62.2345  1 
-61.3416 -60.603  1 
-62.0892 -58.794  1 
-62.4121 -57.9915  1 
-62.7807 -56.9849  1 
-63.4913 -55.1759  1 
-64.2211 -53.5357  1 
-64.2905 -53.3668  1 
-65.1177 -51.5578  1 
-66.0302 -49.7965  1 
-66.0531 -49.7487  1 
-67.0058 -47.9397  1 
-67.8392 -46.4869  1 
-68.0321 -46.1307  1 
-69.073 -44.3216  1 
-69.6482 -43.3699  1 
-70.1505 -42.5126  1 
-71.2595 -40.7035  1 
-71.4573 -40.3899  1 
-72.3927 -38.8945  1 
-73.2663 -37.5551  1 
-73.5716 -37.0854  1 
-74.7931 -35.2764  1 
-75.0754 -34.8778  1 
-76.0708 -33.4673  1 
-76.8844 -32.3905  1 
-77.437 -31.6583  1 
-78.6935 -30.1143  1 
-78.9101 -29.8492  1 
-80.4978 -28.0402  1 
-80.5025 -28.0352  1 
-82.1937 -26.2312  1 
-82.3116 -26.1113  1 
-83.9879 -24.4221  1 
-84.1206 -24.292  1 
-85.8704 -22.6131  1 
-85.9296 -22.5569  1 
-87.7387 -20.9138  1 
-87.867 -20.804  1 
-89.5477 -19.3826  1 
-90.0455 -18.995  1 
-91.3568 -17.9833  1 
-92.5029 -17.1859  1 
-93.1658 -16.7285  1 
-94.9749 -15.6197  1 
-95.4263 -15.3769  1 
-96.7839 -14.6525  1 
-98.593 -13.8329  1 
-99.2908 -13.5678  1 
-100.402 -13.1501  1 
-102.211 -12.6028  1 
-104.02 -12.1885  1 
-105.829 -11.8972  1 
-107.216 -11.7588  1 
-107.638 -11.717  1 
-109.447 -11.6369  1 
-111.256 -11.6494  1 
-113.065 -11.7447  1 
-113.213 -11.7588  1 
-114.874 -11.9119  1 
-116.683 -12.1469  1 
-118.492 -12.4474  1 
-120.302 -12.814  1 
-122.111 -13.2521  1 
-123.217 -13.5678  1 
-123.92 -13.7704  1 
-125.729 -14.3838  1 
-127.538 -15.1127  1 
-128.101 -15.3769  1 
-129.347 -15.9826  1 
-131.156 -17.0231  1 
-131.402 -17.1859  1 
-132.965 -18.2866  1 

-157.989 -180  1 
-157.542 -178.191  1 
-157.064 -176.382  1 
-156.522 -174.573  1 
-156.482 -174.452  1 
-155.971 -172.764  1 
-155.335 -170.955  1 
-154.673 -169.337  1 
-154.603 -169.146  1 
-153.874 -167.337  1 
-153.062 -165.528  1 
-152.864 -165.114  1 
-152.266 -163.719  1 
-151.44 -161.91  1 
-151.055 -161.111  1 
-150.605 -160.101  1 
-149.742 -158.291  1 
-149.246 -157.337  1 
-148.826 -156.482  1 
-147.856 -154.673  1 
-147.437 -153.956  1 
-146.825 -152.864  1 
-145.719 -151.055  1 
-145.628 -150.913  1 
-144.596 -149.246  1 
-143.819 -148.064  1 
-143.416 -147.437  1 
-142.211 -145.628  1 
-142.01 -145.331  1 
-141.005 -143.819  1 
-140.201 -142.644  1 
-139.776 -142.01  1 
-138.56 -140.201  1 
-138.392 -139.946  1 
-137.382 -138.392  1 
-136.583 -137.198  1 
-136.171 -136.583  1 
-134.917 -134.774  1 
-134.774 -134.573  1 
-133.618 -132.965  1 
-132.965 -132.107  1 
-132.23 -131.156  1 
-131.156 -129.839  1 
-130.746 -129.347  1 
-129.347 -127.749  1 
-129.157 -127.538  1 
-127.538 -125.819  1 
-127.45 -125.729  1 
-125.729 -124.034  1 
-125.61 -123.92  1 
-123.92 -122.375  1 
-123.623 -122.111  1 
-122.111 -120.823  1 
-121.485 -120.302  1 
-120.302 -119.355  1 
-119.211 -118.492  1 
-118.492 -117.947  1 
-116.822 -116.683  1 
-116.683 -116.582  1 
-114.874 -115.244  1 
-114.378 -114.874  1 
-113.065 -113.923  1 
-111.89 -113.065  1 
-111.256 -112.612  1 
-109.447 -111.309  1 
-109.374 -111.256  1 
-107.638 -110.011  1 
-106.845 -109.447  1 
-105.829 -108.727  1 
-104.263 -107.638  1 
-104.02 -107.469  1 
-102.211 -106.241  1 
-101.574 -105.829  1 
-100.402 -105.067  1 
-98.6732 -104.02  1 
-98.593 -103.972  1 
-96.7839 -102.969  1 
-95.2928 -102.211  1 
-94.9749 -102.052  1 
-93.1658 -101.192  1 
-91.4321 -100.402  1 
-91.3568 -100.368  1 
-89.5477 -99.5619  1 
-87.7387 -98.7705  1 
-87.3244 -98.593  1 
-85.9296 -97.9785  1 
-84.1206 -97.1885  1 
-83.182 -96.7839  1 
-82.3116 -96.392  1 
-80.5025 -95.5858  1 
-79.1242 -94.9749  1 
-78.6935 -94.7714  1 
-76.8844 -93.9254  1 
-75.2733 -93.1658  1 
-75.0754 -93.0642  1 
-73.2663 -92.1436  1 
-71.742 -91.3568  1 
-71.4573 -91.193  1 
-69.6482 -90.1576  1 

 98.1334  102.211  1 
 98.593  102.443  1 
 100.402  103.429  1 
 101.407  104.02  1 
 102.211  104.496  1 
 104.02  105.62  1 
 104.347  105.829  1 
 105.829  106.782  1 
 107.118  107.638  1 
 107.638  107.984  1 
 109.447  109.222  1 
 109.769  109.447  1 
 111.256  110.494  1 
 112.299  111.256  1 
 113.065  111.816  1 
 114.702  113.065  1 
 114.874  113.196  1 
 116.683  114.631  1 
 116.977  114.874  1 
 118.492  116.128  1 
 119.13  116.683  1 
 120.302  117.697  1 
 121.177  118.492  1 
 122.111  119.329  1 
 123.143  120.302  1 
 123.92  121.022  1 
 125.034  122.111  1 
 125.729  122.779  1 
 126.859  123.92  1 
 127.538  124.593  1 
 128.635  125.729  1 
 129.347  126.454  1 
 130.375  127.538  1 
 131.156  128.352  1 
 132.086  129.347  1 
 132.965  130.284  1 
 133.766  131.156  1 
 134.774  132.26  1 
 135.404  132.965  1 
 136.583  134.301  1 
 136.99  134.774  1 
 138.392  136.437  1 
 138.511  136.583  1 
 139.959  138.392  1 
 140.201  138.704  1 
 141.304  140.201  1 
 142.01  141.204  1 
 142.562  142.01  1 
 143.793  143.819  1 
 143.819  143.857  1 
 145.042  145.628  1 
 145.628  146.456  1 
 146.324  147.437  1 
 147.437  148.954  1 
 147.654  149.246  1 
 149.051  151.055  1 
 149.246  151.3  1 
 150.52  152.864  1 
 151.055  153.502  1 
 152.056  154.673  1 
 152.864  155.598  1 
 153.652  156.482  1 
 154.673  157.611  1 
 155.298  158.291  1 
 156.482  159.563  1 
 156.987  160.101  1 
 158.291  161.468  1 
 158.716  161.91  1 
 160.101  163.335  1 
 160.473  163.719  1 
 161.91  165.196  1 
 162.229  165.528  1 
 163.719  167.084  1 
 163.956  167.337  1 
 165.528  169.025  1 
 165.638  169.146  1 
 167.265  170.955  1 
 167.337  171.037  1 
 168.835  172.764  1 
 169.146  173.136  1 
 170.347  174.573  1 
 170.955  175.329  1 
 171.81  176.382  1 
 172.764  177.6  1 
 173.238  178.191  1 
 174.573  179.902  1 
 174.652  180  1 

 96.7839  33.1278  1 
 95.3014  33.4673  1 
 94.9749  33.5454  1 
 93.1658  34.0975  1 
 91.3568  34.7872  1 
 90.274  35.2764  1 
 89.5477  35.6227  1 
 87.7387  36.6093  1 
 86.9587  37.0854  1 
 85.9296  37.746  1 
 84.2988  38.8945  1 
 84.1206  39.0245  1 
 82.3116  40.4022  1 
 81.9211  40.7035  1 
 80.5025  41.792  1 
 79.5209  42.5126  1 
 78.6935  43.1417  1 
 77.1219  44.3216  1 
 76.8844  44.5108  1 
 75.0754  45.9486  1 
 74.847  46.1307  1 
 73.2663  47.4825  1 
 72.7337  47.9397  1 
 71.4573  49.1245  1 
 70.7806  49.7487  1 
 69.6482  50.8867  1 
 68.9689  51.5578  1 
 67.8392  52.782  1 
 67.2839  53.3668  1 
 66.0302  54.8207  1 
 65.7107  55.1759  1 
 64.2247  56.9849  1 
 64.2211  56.9895  1 
 62.7204  58.794  1 
 62.4121  59.164  1 
 61.0492  60.603  1 
 60.603  61.0336  1 
 58.794  62.3654  1 
 58.7113  62.4121  1 
 56.9849  63.4266  1 
 55.4377  64.2211  1 
 55.1759  64.3688  1 
 53.3668  65.2771  1 
 51.834  66.0302  1 
 51.5578  66.1866  1 
 49.7487  67.1868  1 
 48.6024  67.8392  1 
 47.9397  68.3035  1 
 46.1307  69.6159  1 
 46.0869  69.6482  1 
 44.334  71.4573  1 
 44.3216  71.4788  1 
 43.3419  73.2663  1 
 43.0477  75.0754  1 
 43.3314  76.8844  1 
 44.1037  78.6935  1 
 44.3216  79.0073  1 
 45.3031  80.5025  1 
 46.1307  81.3998  1 
 46.9431  82.3116  1 
 47.9397  83.1504  1 
 49.0831  84.1206  1 
 49.7487  84.5609  1 
 51.5578  85.7352  1 
 51.8634  85.9296  1 
 53.3668  86.6953  1 
 55.1759  87.5618  1 
 55.5622  87.7387  1 
 56.9849  88.2807  1 
 58.794  88.9249  1 
 60.603  89.5244  1 
 60.6751  89.5477  1 
 62.4121  90.0352  1 
 64.2211  90.5256  1 
 66.0302  91.0072  1 
 67.3323  91.3568  1 
 67.8392  91.4776  1 
 69.6482  91.9269  1 
 71.4573  92.3884  1 
 73.2663  92.8661  1 
 74.3392  93.1658  1 
 75.0754  93.3538  1 
 76.8844  93.852  1 
 78.6935  94.3857  1 
 80.5025  94.9643  1 
 80.5323  94.9749  1 
 82.3116  95.5733  1 
 84.1206  96.2338  1 
 85.5368  96.7839  1 
 85.9296  96.933  1 
 87.7387  97.6519  1 
 89.5477  98.3934  1 
 90.023  98.593  1 
 91.3568  99.1478  1 
 93.1658  99.9195  1 
 94.2672  100.402  1 
 94.9749  100.714  1 
 96.7839  101.548  1 
 98.1334  102.211  1 

 180  126.993  1 
 178.191  125.946  1 
 177.866  125.729  1 
 176.382  124.711  1 
 175.366  123.92  1 
 174.573  123.27  1 
 173.275  122.111  1 
 172.764  121.626  1 
 171.43  120.302  1 
 170.955  119.804  1 
 169.728  118.492  1 
 169.146  117.843  1 
 168.112  116.683  1 
 167.337  115.785  1 
 166.546  114.874  1 
 165.528  113.665  1 
 165.014  113.065  1 
 163.719  111.498  1 
 163.514  111.256  1 
 162.046  109.447  1 
 161.91  109.272  1 
 160.615  107.638  1 
 160.101  106.955  1 
 159.24  105.829  1 
 158.291  104.512  1 
 157.933  104.02  1 
 156.7  102.211  1 
 156.482  101.867  1 
 155.543  100.402  1 
 154.673  98.9225  1 
 154.477  98.593  1 
 153.477  96.7839  1 
 152.864  95.577  1 
 152.555  94.9749  1 
 151.694  93.1658  1 
 151.055  91.7064  1 
 150.901  91.3568  1 
 150.156  89.5477  1 
 149.471  87.7387  1 
 149.246  87.1061  1 
 148.826  85.9296  1 
 148.223  84.1206  1 
 147.658  82.3116  1 
 147.437  81.5652  1 
 147.121  80.5025  1 
 146.61  78.6935  1 
 146.122  76.8844  1 
 145.651  75.0754  1 
 145.628  74.9883  1 
 145.183  73.2663  1 
 144.717  71.4573  1 
 144.249  69.6482  1 
 143.819  68.0178  1 
 143.771  67.8392  1 
 143.277  66.0302  1 
 142.769  64.2211  1 
 142.244  62.4121  1 
 142.01  61.6248  1 
 141.697  60.603  1 
 141.131  58.794  1 
 140.545  56.9849  1 
 140.201  55.9691  1 
 139.92  55.1759  1 
 139.24  53.3668  1 
 138.5  51.5578  1 
 138.392  51.312  1 
 137.654  49.7487  1 
 136.698  47.9397  1 
 136.583  47.7428  1 
 135.545  46.1307  1 
 134.774  45.0844  1 
 134.145  44.3216  1 
 132.965  43.0692  1 
 132.377  42.5126  1 
 131.156  41.4872  1 
 130.111  40.7035  1 
 129.347  40.1853  1 
 127.538  39.0826  1 
 127.198  38.8945  1 
 125.729  38.143  1 
 123.92  37.31  1 
 123.387  37.0854  1 
 122.111  36.5801  1 
 120.302  35.9255  1 
 118.492  35.3293  1 
 118.318  35.2764  1 
 116.683  34.8004  1 
 114.874  34.3205  1 
 113.065  33.8884  1 
 111.256  33.5069  1 
 111.037  33.4673  1 
 109.447  33.1862  1 
 107.638  32.9261  1 
 105.829  32.7339  1 
 104.02  32.6187  1 
 102.211  32.5902  1 
 100.402  32.6589  1 
 98.593  32.8351  1 
 96.7839  33.1278  1 

 180 -173.317  1 
 179.29 -174.573  1 
 178.255 -176.382  1 
 178.191 -176.494  1 
 177.239 -178.191  1 
 176.382 -179.748  1 
 176.243 -180  1 


# Contour 6, label:      0.5
-88.2403 -67.8392  0.5 
-88.544 -69.6482  0.5 
-89.0379 -71.4573  0.5 

-89.0379 -71.4573  0.5 
-89.5477 -72.7738  0.5 
-89.7525 -73.2663  0.5 
-90.7272 -75.0754  0.5 
-91.3568 -76.0088  0.5 
-91.9953 -76.8844  0.5 
-93.1658 -78.2349  0.5 
-93.5969 -78.6935  0.5 
-94.9749 -79.9828  0.5 
-95.5759 -80.5025  0.5 
-96.7839 -81.4524  0.5 
-97.9558 -82.3116  0.5 
-98.593 -82.7469  0.5 
-100.402 -83.9121  0.5 
-100.748 -84.1206  0.5 
-102.211 -84.9635  0.5 
-103.99 -85.9296  0.5 
-104.02 -85.9454  0.5 
-105.829 -86.8249  0.5 
-107.638 -87.6381  0.5 
-107.899 -87.7387  0.5 
-109.447 -88.3415  0.5 
-111.256 -88.9288  0.5 
-113.065 -89.3572  0.5 
-114.771 -89.5477  0.5 
-114.874 -89.56  0.5 
-115.084 -89.5477  0.5 
-116.683 -89.4434  0.5 
-118.492 -88.8724  0.5 
-120.183 -87.7387  0.5 
-120.302 -87.6486  0.5 
-121.761 -85.9296  0.5 
-122.111 -85.4518  0.5 
-122.829 -84.1206  0.5 
-123.652 -82.3116  0.5 
-123.92 -81.6157  0.5 
-124.273 -80.5025  0.5 
-124.762 -78.6935  0.5 
-125.179 -76.8844  0.5 
-125.546 -75.0754  0.5 
-125.729 -74.0838  0.5 
-125.864 -73.2663  0.5 
-126.138 -71.4573  0.5 
-126.384 -69.6482  0.5 
-126.597 -67.8392  0.5 
-126.772 -66.0302  0.5 
-126.902 -64.2211  0.5 
-126.98 -62.4121  0.5 
-126.995 -60.603  0.5 
-126.941 -58.794  0.5 
-126.812 -56.9849  0.5 
-126.602 -55.1759  0.5 
-126.308 -53.3668  0.5 
-125.924 -51.5578  0.5 
-125.729 -50.8017  0.5 
-125.418 -49.7487  0.5 
-124.774 -47.9397  0.5 
-123.997 -46.1307  0.5 
-123.92 -45.9732  0.5 
-122.954 -44.3216  0.5 
-122.111 -43.0911  0.5 
-121.614 -42.5126  0.5 
-120.302 -41.1848  0.5 
-119.636 -40.7035  0.5 
-118.492 -39.9927  0.5 
-116.683 -39.2616  0.5 
-115.084 -38.8945  0.5 
-114.874 -38.8499  0.5 
-113.065 -38.7029  0.5 
-111.256 -38.7749  0.5 
-110.47 -38.8945  0.5 
-109.447 -39.051  0.5 
-107.638 -39.5186  0.5 
-105.829 -40.1662  0.5 
-104.648 -40.7035  0.5 
-104.02 -40.9889  0.5 
-102.211 -41.971  0.5 
-101.34 -42.5126  0.5 
-100.402 -43.0994  0.5 
-98.6768 -44.3216  0.5 
-98.593 -44.383  0.5 
-96.7839 -45.8834  0.5 
-96.5198 -46.1307  0.5 
-94.9749 -47.6704  0.5 
-94.7333 -47.9397  0.5 
-93.2431 -49.7487  0.5 
-93.1658 -49.8526  0.5 
-92.0117 -51.5578  0.5 
-91.3568 -52.6747  0.5 
-90.9789 -53.3668  0.5 
-90.1376 -55.1759  0.5 
-89.5477 -56.7327  0.5 
-89.4558 -56.9849  0.5 
-88.9279 -58.794  0.5 
-88.5318 -60.603  0.5 
-88.261 -62.4121  0.5 
-88.1156 -64.2211  0.5 
-88.1039 -66.0302  0.5 
-88.2403 -67.8392  0.5 

 111.952  73.2663  0.5 
 111.256  71.6107  0.5 
 111.172  71.4573  0.5 
 109.447  69.6482  0.5 
 107.638  68.8078  0.5 
 105.829  68.6792  0.5 
 104.217  69.6482  0.5 
 104.02  70.0913  0.5 
 103.747  71.4573  0.5 
 104.02  72.558  0.5 
 104.274  73.2663  0.5 
 105.829  75.0173  0.5 
 105.91  75.0754  0.5 
 107.638  75.8395  0.5 
 109.447  76.1809  0.5 
 111.256  75.7232  0.5 
 111.874  75.0754  0.5 
 111.952  73.2663  0.5 

