
# Surface 0 of 1 surfaces

# Curve title: "filename using 1:2:(($4 - Z_min)*Eh2meV)"

# Contour 0, label:      565
 18.1561 -16.6387  565 
 16.6387 -18.3782  565 
 13.6134 -16.9581  565 
 13.1719 -16.6387  565 
 10.5882 -14.5883  565 
 9.30267 -13.6134  565 
 7.56303 -12.3038  565 
 5.17072 -10.5882  565 
 4.53782 -10.1539  565 
 1.51261 -7.86532  565 
 1.16473 -7.56303  565 
-1.51261 -5.19963  565 
-2.1561 -4.53782  565 
-4.53782 -1.73697  565 
-4.70785 -1.51261  565 
-6.24899  1.51261  565 
-7.21435  4.53782  565 
-4.53782  7.11949  565 
-1.51261  6.09681  565 
 1.43816  4.53782  565 
 1.51261  4.49578  565 
 4.53782  1.8878  565 
 4.92243  1.51261  565 
 7.56303 -1.44461  565 
 7.62339 -1.51261  565 
 9.86795 -4.53782  565 
 10.5882 -5.55682  565 
 12.0639 -7.56303  565 
 13.6134 -9.59426  565 
 14.3675 -10.5882  565 
 16.6387 -13.4367  565 
 16.7666 -13.6134  565 
 18.1561 -16.6387  565 


# Contour 1, label:      500
 18.208  7.56303  500 
 19.6639  6.1083  500 
 21.2057  4.53782  500 
 22.6891  2.97388  500 
 24.0288  1.51261  500 
 25.7143 -0.39152  500 
 26.6745 -1.51261  500 
 28.7395 -3.97941  500 
 29.1947 -4.53782  500 
 31.6098 -7.56303  500 
 31.7647 -7.76471  500 
 33.8984 -10.5882  500 
 34.7899 -11.822  500 
 36.0713 -13.6134  500 
 37.8151 -16.1856  500 
 38.1185 -16.6387  500 
 40.0119 -19.6639  500 
 40.8403 -21.0237  500 
 41.8317 -22.6891  500 
 43.5892 -25.7143  500 
 43.8655 -26.2167  500 
 45.1787 -28.7395  500 
 46.6827 -31.7647  500 
 46.8908 -32.2523  500 
 47.9049 -34.7899  500 
 48.8774 -37.8151  500 
 49.5365 -40.8403  500 
 49.7424 -43.8655  500 
 49.0904 -46.8908  500 

 49.0904 -46.8908  500 
 46.8908 -49.302  500 
 44.8525 -49.916  500 
 43.8655 -50.0855  500 
 40.8403 -49.9585  500 
 40.6366 -49.916  500 
 37.8151 -49.318  500 
 34.7899 -48.3399  500 
 31.7647 -47.1251  500 
 31.2724 -46.8908  500 
 28.7395 -45.6093  500 
 25.7143 -44.0027  500 
 25.473 -43.8655  500 
 22.6891 -42.213  500 
 20.3758 -40.8403  500 
 19.6639 -40.4138  500 
 16.6387 -38.5805  500 
 15.4305 -37.8151  500 
 13.6134 -36.6503  500 
 10.8736 -34.7899  500 
 10.5882 -34.5924  500 
 7.56303 -32.3534  500 
 6.80246 -31.7647  500 
 4.53782 -29.9668  500 
 3.03484 -28.7395  500 
 1.51261 -27.4534  500 
-0.497421 -25.7143  500 
-1.51261 -24.806  500 
-3.82045 -22.6891  500 
-4.53782 -22.0149  500 
-6.96512 -19.6639  500 
-7.56303 -19.0759  500 
-9.96539 -16.6387  500 
-10.5882 -16.0006  500 
-12.8684 -13.6134  500 
-13.6134 -12.823  500 
-15.6988 -10.5882  500 
-16.6387 -9.55323  500 
-18.4307 -7.56303  500 
-19.6639 -6.14039  500 
-21.0314 -4.53782  500 
-22.6891 -2.52099  500 
-23.4974 -1.51261  500 
-25.7143  1.33841  500 
-25.8454  1.51261  500 
-28.0367  4.53782  500 
-28.7395  5.53601  500 
-30.1212  7.56303  500 
-31.7647  10.0599  500 
-32.1044  10.5882  500 
-33.9126  13.6134  500 
-34.7899  15.1823  500 
-35.5927  16.6387  500 
-37.1565  19.6639  500 
-37.8151  20.9833  500 
-38.6663  22.6891  500 
-40.1496  25.7143  500 
-40.8403  27.1712  500 
-41.5568  28.7395  500 
-42.8188  31.7647  500 
-43.8655  34.5936  500 
-43.932  34.7899  500 
-44.5196  37.8151  500 
-44.4272  40.8403  500 
-43.8655  42.2219  500 
-42.4082  43.8655  500 
-40.8403  44.626  500 
-37.8151  44.8077  500 
-34.7899  44.2508  500 
-33.6177  43.8655  500 
-31.7647  43.2003  500 
-28.7395  41.905  500 
-26.4224  40.8403  500 
-25.7143  40.5033  500 
-22.6891  38.9561  500 
-20.4749  37.8151  500 
-19.6639  37.3978  500 
-16.6387  35.7474  500 
-14.9838  34.7899  500 
-13.6134  33.9905  500 
-10.5882  32.1012  500 
-10.0872  31.7647  500 
-7.56303  30.0418  500 
-5.72378  28.7395  500 
-4.53782  27.8787  500 
-1.64611  25.7143  500 
-1.51261  25.6115  500 
 1.51261  23.1687  500 
 2.07959  22.6891  500 
 4.53782  20.5523  500 
 5.51737  19.6639  500 
 7.56303  17.785  500 
 8.7712  16.6387  500 
 10.5882  14.919  500 
 11.9448  13.6134  500 
 13.6134  12.0134  500 
 15.0973  10.5882  500 
 16.6387  9.09158  500 
 18.208  7.56303  500 


# Contour 2, label:      400
-68.0672  69.6749  400 
-65.042  70.8817  400 
-62.0168  71.0636  400 
-58.9916  70.7778  400 
-55.9664  70.2053  400 
-52.9412  69.4288  400 
-49.916  68.5095  400 
-48.6272  68.0672  400 
-46.8908  67.4434  400 
-43.8655  66.2914  400 
-40.8403  65.1139  400 
-40.664  65.042  400 
-37.8151  63.8364  400 
-34.7899  62.5404  400 
-33.6186  62.0168  400 
-31.7647  61.1622  400 
-28.7395  59.7126  400 
-27.2952  58.9916  400 
-25.7143  58.1822  400 
-22.6891  56.6013  400 
-21.4771  55.9664  400 
-19.6639  54.9887  400 
-16.6387  53.3509  400 
-15.9006  52.9412  400 
-13.6134  51.6153  400 
-10.8075  49.916  400 
-10.5882  49.7777  400 
-7.56303  47.7711  400 
-6.30988  46.8908  400 
-4.53782  45.6106  400 
-2.22751  43.8655  400 
-1.51261  43.3186  400 
 1.51261  40.9806  400 
 1.69539  40.8403  400 
 4.53782  38.6863  400 
 5.66752  37.8151  400 
 7.56303  36.3335  400 
 9.47884  34.7899  400 
 10.5882  33.8657  400 
 13.0248  31.7647  400 
 13.6134  31.2348  400 
 16.3007  28.7395  400 
 16.6387  28.4122  400 
 19.383  25.7143  400 
 19.6639  25.4302  400 
 22.4289  22.6891  400 
 22.6891  22.4363  400 
 25.5991  19.6639  400 
 25.7143  19.5563  400 
 28.7395  16.6451  400 
 28.746  16.6387  400 
 31.7123  13.6134  400 
 31.7647  13.5583  400 
 34.4707  10.5882  400 
 34.7899  10.2258  400 
 37.0647  7.56303  400 
 37.8151  6.6587  400 
 39.5659  4.53782  400 
 40.8403  2.97317  400 
 42.0658  1.51261  400 
 43.8655 -0.592349  400 
 44.6549 -1.51261  400 
 46.8908 -4.18515  400 
 47.1772 -4.53782  400 
 49.4856 -7.56303  400 
 49.916 -8.16989  400 
 51.5423 -10.5882  400 
 52.9412 -12.8325  400 
 53.4016 -13.6134  400 
 55.1017 -16.6387  400 
 55.9664 -18.2157  400 
 56.7315 -19.6639  400 
 58.3709 -22.6891  400 
 58.9916 -23.8185  400 
 60.0283 -25.7143  400 
 61.638 -28.7395  400 
 62.0168 -29.482  400 
 63.159 -31.7647  400 
 64.6134 -34.7899  400 
 65.042 -35.7128  400 
 65.9909 -37.8151  400 
 67.3249 -40.8403  400 
 68.0672 -42.5668  400 
 68.6 -43.8655  400 
 69.7788 -46.8908  400 
 70.8948 -49.916  400 
 71.0924 -50.5106  400 
 71.8655 -52.9412  400 
 72.7234 -55.9664  400 
 73.4867 -58.9916  400 
 74.1176 -61.7836  400 
 74.1707 -62.0168  400 
 74.7049 -65.042  400 
 75.0601 -68.0672  400 
 75.0094 -71.0924  400 

 75.0094 -71.0924  400 
 74.1176 -73.5768  400 
 73.6275 -74.1176  400 
 71.0924 -75.1342  400 
 68.0672 -75.2879  400 
 65.042 -75.018  400 
 62.0168 -74.5465  400 
 59.8859 -74.1176  400 
 58.9916 -73.937  400 
 55.9664 -73.1835  400 
 52.9412 -72.3335  400 
 49.916 -71.39  400 
 49.0526 -71.0924  400 
 46.8908 -70.3083  400 
 43.8655 -69.1478  400 
 41.1498 -68.0672  400 
 40.8403 -67.9376  400 
 37.8151 -66.6264  400 
 34.7899 -65.299  400 
 34.2253 -65.042  400 
 31.7647 -63.8829  400 
 28.7395 -62.4074  400 
 27.9722 -62.0168  400 
 25.7143 -60.8362  400 
 22.6891 -59.2132  400 
 22.2751 -58.9916  400 
 19.6639 -57.5823  400 
 16.6387 -55.9919  400 
 16.5906 -55.9664  400 
 13.6134 -54.3184  400 
 11.237 -52.9412  400 
 10.5882 -52.5456  400 
 7.56303 -50.5936  400 
 6.5834 -49.916  400 
 4.53782 -48.4369  400 
 2.52912 -46.8908  400 
 1.51261 -46.0857  400 
-1.2018 -43.8655  400 
-1.51261 -43.6098  400 
-4.53782 -41.1189  400 
-4.87368 -40.8403  400 
-7.56303 -38.613  400 
-8.50824 -37.8151  400 
-10.5882 -36.0263  400 
-11.9925 -34.7899  400 
-13.6134 -33.3134  400 
-15.2734 -31.7647  400 
-16.6387 -30.4384  400 
-18.3574 -28.7395  400 
-19.6639 -27.3984  400 
-21.3015 -25.7143  400 
-22.6891 -24.2593  400 
-24.1998 -22.6891  400 
-25.7143 -21.1214  400 
-27.0986 -19.6639  400 
-28.7395 -17.9184  400 
-29.8975 -16.6387  400 
-31.7647 -14.5135  400 
-32.5209 -13.6134  400 
-34.7899 -10.8138  400 
-34.9655 -10.5882  400 
-37.256 -7.56303  400 
-37.8151 -6.802  400 
-39.4546 -4.53782  400 
-40.8403 -2.59245  400 
-41.6183 -1.51261  400 
-43.8206  1.51261  400 
-43.8655  1.57494  400 
-45.9693  4.53782  400 
-46.8908  5.89734  400 
-47.9855  7.56303  400 
-49.8579  10.5882  400 
-49.916  10.6866  400 
-51.5696  13.6134  400 
-52.9412  16.141  400 
-53.1993  16.6387  400 
-54.7449  19.6639  400 
-55.9664  22.0339  400 
-56.2951  22.6891  400 
-57.8252  25.7143  400 
-58.9916  28.0433  400 
-59.3329  28.7395  400 
-60.7565  31.7647  400 
-62.0168  34.5298  400 
-62.1322  34.7899  400 
-63.4147  37.8151  400 
-64.688  40.8403  400 
-65.042  41.7034  400 
-65.891  43.8655  400 
-67.0353  46.8908  400 
-68.0672  49.7523  400 
-68.1233  49.916  400 
-69.0261  52.9412  400 
-69.7844  55.9664  400 
-70.3463  58.9916  400 
-70.6426  62.0168  400 
-70.5231  65.042  400 
-69.535  68.0672  400 
-68.0672  69.6749  400 


# Contour 3, label:      300
 46.8908  16.742  300 
 46.9728  16.6387  300 
 49.4412  13.6134  300 
 49.916  13.0477  300 
 51.9938  10.5882  300 
 52.9412  9.49339  300 
 54.6122  7.56303  300 
 55.9664  6.00279  300 
 57.2062  4.53782  300 
 58.9916  2.3566  300 
 59.6331  1.51261  300 
 61.6773 -1.51261  300 
 62.0168 -2.08055  300 
 63.4022 -4.53782  300 
 65.0121 -7.56303  300 
 65.042 -7.62099  300 
 66.5442 -10.5882  300 
 68.0658 -13.6134  300 
 69.5743 -16.6387  300 
 71.0849 -19.6639  300 
 71.0924 -19.6791  300 
 72.5418 -22.6891  300 
 73.944 -25.7143  300 
 74.1176 -26.0982  300 
 75.2631 -28.7395  300 
 76.5356 -31.7647  300 
 77.1429 -33.2329  300 
 77.7645 -34.7899  300 
 78.9568 -37.8151  300 
 80.1296 -40.8403  300 
 80.1681 -40.9411  300 
 81.261 -43.8655  300 
 82.385 -46.8908  300 
 83.1933 -49.0664  300 
 83.5099 -49.916  300 
 84.6434 -52.9412  300 
 85.8165 -55.9664  300 
 86.2185 -56.9621  300 
 87.0473 -58.9916  300 
 88.3317 -62.0168  300 
 89.2437 -64.1463  300 
 89.6303 -65.042  300 
 90.8458 -68.0672  300 
 91.8812 -71.0924  300 
 92.2689 -72.6971  300 
 92.6237 -74.1176  300 
 92.9658 -77.1429  300 
 92.8111 -80.1681  300 

-71.0924  24.3118  300 
-71.6954  25.7143  300 
-72.9664  28.7395  300 
-74.1176  31.5522  300 
-74.2018  31.7647  300 
-75.3889  34.7899  300 
-76.5605  37.8151  300 
-77.1429  39.3183  300 
-77.721  40.8403  300 
-78.877  43.8655  300 
-80.0299  46.8908  300 
-80.1681  47.2599  300 
-81.1607  49.916  300 
-82.2806  52.9412  300 
-83.1933  55.3964  300 
-83.4082  55.9664  300 
-84.5584  58.9916  300 
-85.7611  62.0168  300 
-86.2185  63.1729  300 
-86.9538  65.042  300 
-88.0565  68.0672  300 
-88.982  71.0924  300 
-89.2437  72.3787  300 
-89.5964  74.1176  300 
-89.7843  77.1429  300 
-89.4306  80.1681  300 
-89.2437  80.7499  300 
-88.3438  83.1933  300 
-86.2415  86.2185  300 
-86.2185  86.2423  300 
-83.1933  88.5057  300 
-81.4014  89.2437  300 
-80.1681  89.685  300 
-77.1429  90.1173  300 
-74.1176  89.9983  300 
-71.0924  89.4503  300 
-70.3777  89.2437  300 
-68.0672  88.5793  300 
-65.042  87.5152  300 
-62.0168  86.3598  300 
-61.6635  86.2185  300 
-58.9916  85.1568  300 
-55.9664  83.9721  300 
-53.9787  83.1933  300 
-52.9412  82.7918  300 
-49.916  81.6038  300 
-46.8908  80.4063  300 
-46.2978  80.1681  300 
-43.8655  79.1929  300 
-40.8403  77.9874  300 
-38.6773  77.1429  300 
-37.8151  76.8016  300 
-34.7899  75.6152  300 
-31.7647  74.4154  300 
-31.024  74.1176  300 
-28.7395  73.1709  300 
-25.7143  71.8807  300 
-23.9249  71.0924  300 
-22.6891  70.5296  300 
-19.6639  69.1192  300 
-17.45  68.0672  300 
-16.6387  67.6725  300 
-13.6134  66.1957  300 
-11.2811  65.042  300 
-10.5882  64.6926  300 
-7.56303  63.1319  300 
-5.48195  62.0168  300 
-4.53782  61.4916  300 
-1.51261  59.7077  300 
-0.407728  58.9916  300 
 1.51261  57.6663  300 
 3.80456  55.9664  300 
 4.53782  55.4094  300 
 7.56303  53.0626  300 
 7.71937  52.9412  300 
 10.5882  50.7097  300 
 11.6247  49.916  300 
 13.6134  48.3941  300 
 15.6161  46.8908  300 
 16.6387  46.1164  300 
 19.6384  43.8655  300 
 19.6639  43.846  300 
 22.6891  41.498  300 
 23.5272  40.8403  300 
 25.7143  39.0273  300 
 27.1705  37.8151  300 
 28.7395  36.4367  300 
 30.5892  34.7899  300 
 31.7647  33.6912  300 
 33.7595  31.7647  300 
 34.7899  30.7352  300 
 36.6933  28.7395  300 
 37.8151  27.5459  300 
 39.4456  25.7143  300 
 40.8403  24.1399  300 
 42.0562  22.6891  300 
 43.8655  20.5087  300 
 44.541  19.6639  300 
 46.8908  16.742  300 

 92.8111 -80.1681  300 
 92.2689 -82.3704  300 
 92.0472 -83.1933  300 
 90.468 -86.2185  300 
 89.2437 -87.7112  300 
 87.5866 -89.2437  300 
 86.2185 -90.2092  300 
 83.1933 -91.5983  300 
 80.2132 -92.2689  300 
 80.1681 -92.2782  300 
 77.1429 -92.4109  300 
 75.7771 -92.2689  300 
 74.1176 -92.1021  300 
 71.0924 -91.4361  300 
 68.0672 -90.5076  300 
 65.042 -89.4203  300 
 64.5874 -89.2437  300 
 62.0168 -88.2481  300 
 58.9916 -87.0802  300 
 56.7045 -86.2185  300 
 55.9664 -85.9404  300 
 52.9412 -84.8248  300 
 49.916 -83.7358  300 
 48.4013 -83.1933  300 
 46.8908 -82.6482  300 
 43.8655 -81.5574  300 
 40.8403 -80.467  300 
 40.0156 -80.1681  300 
 37.8151 -79.3465  300 
 34.7899 -78.2103  300 
 31.9728 -77.1429  300 
 31.7647 -77.0607  300 
 28.7395 -75.8609  300 
 25.7143 -74.6307  300 
 24.4865 -74.1176  300 
 22.6891 -73.3298  300 
 19.6639 -71.9602  300 
 17.7937 -71.0924  300 
 16.6387 -70.5397  300 
 13.6134 -69.0876  300 
 11.4963 -68.0672  300 
 10.5882 -67.6207  300 
 7.56303 -66.116  300 
 5.46623 -65.042  300 
 4.53782 -64.5528  300 
 1.51261 -62.873  300 
 0.10839 -62.0168  300 
-1.51261 -60.961  300 
-4.22845 -58.9916  300 
-4.53782 -58.7523  300 
-7.56303 -56.3302  300 
-8.01017 -55.9664  300 
-10.5882 -53.8284  300 
-11.6655 -52.9412  300 
-13.6134 -51.3293  300 
-15.3556 -49.916  300 
-16.6387 -48.8685  300 
-19.1028 -46.8908  300 
-19.6639 -46.433  300 
-22.6891 -43.9749  300 
-22.824 -43.8655  300 
-25.7143 -41.4301  300 
-26.409 -40.8403  300 
-28.7395 -38.7638  300 
-29.7874 -37.8151  300 
-31.7647 -35.9258  300 
-32.9116 -34.7899  300 
-34.7899 -32.8325  300 
-35.7592 -31.7647  300 
-37.8151 -29.4248  300 
-38.3821 -28.7395  300 
-40.8403 -25.7214  300 
-40.8458 -25.7143  300 
-43.1605 -22.6891  300 
-43.8655 -21.7471  300 
-45.3653 -19.6639  300 
-46.8908 -17.5268  300 
-47.5148 -16.6387  300 
-49.6693 -13.6134  300 
-49.916 -13.2728  300 
-51.8608 -10.5882  300 
-52.9412 -9.11826  300 
-54.0817 -7.56303  300 
-55.9664 -4.98755  300 
-56.2894 -4.53782  300 
-58.3972 -1.51261  300 
-58.9916 -0.589402  300 
-60.2587  1.51261  300 
-61.8952  4.53782  300 
-62.0168  4.77581  300 
-63.3895  7.56303  300 
-64.8291  10.5882  300 
-65.042  11.0427  300 
-66.227  13.6134  300 
-67.6196  16.6387  300 
-68.0672  17.6023  300 
-69.0041  19.6639  300 
-70.3705  22.6891  300 
-71.0924  24.3118  300 


# Contour 4, label:      200
-1.51261  74.4365  200 
-0.877591  74.1176  200 
 1.51261  72.8973  200 
 4.53782  71.237  200 
 4.79097  71.0924  200 
 7.56303  69.4571  200 
 9.76456  68.0672  200 
 10.5882  67.5261  200 
 13.6134  65.4711  200 
 14.238  65.042  200 
 16.6387  63.3367  200 
 18.4971  62.0168  200 
 19.6639  61.187  200 
 22.6891  59.1595  200 
 22.9535  58.9916  200 
 25.7143  57.2668  200 
 27.7664  55.9664  200 
 28.7395  55.3514  200 
 31.7647  53.4341  200 
 32.5422  52.9412  200 
 34.7899  51.5076  200 
 37.2212  49.916  200 
 37.8151  49.5142  200 
 40.8403  47.3833  200 
 41.4871  46.8908  200 
 43.8655  44.9099  200 
 44.9781  43.8655  200 
 46.8908  41.8464  200 
 47.7601  40.8403  200 
 49.916  38.0819  200 
 50.1133  37.8151  200 
 52.2904  34.7899  200 
 52.9412  33.8604  200 
 54.3955  31.7647  200 
 55.9664  29.4358  200 
 56.4388  28.7395  200 
 58.4702  25.7143  200 
 58.9916  24.9417  200 
 60.5418  22.6891  200 
 62.0168  20.638  200 
 62.7295  19.6639  200 
 65.042  16.6501  200 
 65.0504  16.6387  200 
 67.3139  13.6134  200 
 68.0672  12.5688  200 
 69.4106  10.5882  200 
 71.0924  7.93664  200 
 71.3169  7.56303  200 
 73.0601  4.53782  200 
 74.1176  2.55656  200 
 74.6594  1.51261  200 
 76.18 -1.51261  200 
 77.1429 -3.47542  200 
 77.6636 -4.53782  200 
 79.1244 -7.56303  200 
 80.1681 -9.78139  200 
 80.5443 -10.5882  200 
 81.9216 -13.6134  200 
 83.1933 -16.5547  200 
 83.2288 -16.6387  200 
 84.4534 -19.6639  200 
 85.5835 -22.6891  200 
 86.2185 -24.4647  200 
 86.6649 -25.7143  200 
 87.7239 -28.7395  200 
 88.7646 -31.7647  200 
 89.2437 -33.152  200 
 89.8167 -34.7899  200 
 90.8901 -37.8151  200 
 91.9911 -40.8403  200 
 92.2689 -41.5711  200 
 93.1803 -43.8655  200 
 94.4362 -46.8908  200 
 95.2941 -48.9005  200 
 95.7611 -49.916  200 
 97.1661 -52.9412  200 
 98.3193 -55.4219  200 
 98.6004 -55.9664  200 
 100.196 -58.9916  200 
 101.345 -61.0128  200 
 102.008 -62.0168  200 
 103.989 -65.042  200 
 104.37 -65.6857  200 
 105.954 -68.0672  200 
 107.395 -70.6347  200 
 107.685 -71.0924  200 
 109.21 -74.1176  200 
 110.306 -77.1429  200 
 110.42 -77.6876  200 
 111.019 -80.1681  200 
 111.197 -83.1933  200 
 110.809 -86.2185  200 

-68.0672 -11.3675  200 
-68.5331 -10.5882  200 
-70.292 -7.56303  200 
-71.0924 -6.10599  200 
-71.929 -4.53782  200 
-73.4486 -1.51261  200 
-74.1176 -0.106853  200 
-74.8787  1.51261  200 
-76.2413  4.53782  200 
-77.1429  6.61124  200 
-77.5541  7.56303  200 
-78.8335  10.5882  200 
-80.0724  13.6134  200 
-80.1681  13.8493  200 
-81.2779  16.6387  200 
-82.4203  19.6639  200 
-83.1933  21.8369  200 
-83.4937  22.6891  200 
-84.5341  25.7143  200 
-85.5578  28.7395  200 
-86.2185  30.6862  200 
-86.5875  31.7647  200 
-87.6402  34.7899  200 
-88.7121  37.8151  200 
-89.2437  39.2669  200 
-89.8339  40.8403  200 
-91.0103  43.8655  200 
-92.22  46.8908  200 
-92.2689  47.0107  200 
-93.5137  49.916  200 
-94.8133  52.9412  200 
-95.2941  54.0595  200 
-96.1711  55.9664  200 
-97.5654  58.9916  200 
-98.3193  60.5385  200 
-99.1421  62.0168  200 
-100.852  65.042  200 
-101.345  65.9996  200 
-102.553  68.0672  200 
-104.013  71.0924  200 
-104.37  72.0658  200 
-105.231  74.1176  200 
-106.082  77.1429  200 
-106.504  80.1681  200 
-106.474  83.1933  200 
-105.96  86.2185  200 
-104.926  89.2437  200 
-104.37  90.3491  200 
-103.397  92.2689  200 
-101.345  95.2219  200 
-101.292  95.2941  200 
-98.7199  98.3193  200 
-98.3193  98.763  200 
-95.8089  101.345  200 
-95.2941  101.86  200 
-92.2689  104.315  200 
-92.1794  104.37  200 
-89.2437  106.175  200 
-86.2185  107.349  200 
-85.9931  107.395  200 
-83.1933  108.018  200 
-80.1681  108.111  200 
-77.1429  107.658  200 
-76.3384  107.395  200 
-74.1176  106.784  200 
-71.0924  105.512  200 
-69.068  104.37  200 
-68.0672  103.885  200 
-65.042  102.076  200 
-63.9715  101.345  200 
-62.0168  100.213  200 
-58.9916  98.4726  200 
-58.7065  98.3193  200 
-55.9664  97.0344  200 
-52.9412  95.5854  200 
-52.3465  95.2941  200 
-49.916  94.1987  200 
-46.8908  92.8179  200 
-45.677  92.2689  200 
-43.8655  91.496  200 
-40.8403  90.2397  200 
-38.3565  89.2437  200 
-37.8151  89.0333  200 
-34.7899  87.9036  200 
-31.7647  86.7974  200 
-30.1596  86.2185  200 
-28.7395  85.7153  200 
-25.7143  84.6469  200 
-22.6891  83.5578  200 
-21.7059  83.1933  200 
-19.6639  82.4339  200 
-16.6387  81.2344  200 
-14.0926  80.1681  200 
-13.6134  79.964  200 
-10.5882  78.6552  200 
-7.56303  77.2966  200 
-7.22664  77.1429  200 
-4.53782  75.9017  200 
-1.51261  74.4365  200 

 110.809 -86.2185  200 
 110.42 -87.4637  200 
 109.891 -89.2437  200 
 108.435 -92.2689  200 
 107.395 -93.8383  200 
 106.411 -95.2941  200 
 104.37 -97.6753  200 
 103.78 -98.3193  200 
 101.345 -100.613  200 
 100.494 -101.345  200 
 98.3193 -103.069  200 
 96.3838 -104.37  200 
 95.2941 -105.061  200 
 92.2689 -106.586  200 
 89.9622 -107.395  200 
 89.2437 -107.649  200 
 86.2185 -108.304  200 
 83.1933 -108.52  200 
 80.1681 -108.318  200 
 77.1429 -107.715  200 
 76.1741 -107.395  200 
 74.1176 -106.797  200 
 71.0924 -105.585  200 
 68.6877 -104.37  200 
 68.0672 -104.09  200 
 65.042 -102.481  200 
 63.114 -101.345  200 
 62.0168 -100.773  200 
 58.9916 -99.2299  200 
 57.0626 -98.3193  200 
 55.9664 -97.8528  200 
 52.9412 -96.5778  200 
 49.916 -95.2973  200 
 49.9085 -95.2941  200 
 46.8908 -94.1043  200 
 43.8655 -92.9394  200 
 42.0505 -92.2689  200 
 40.8403 -91.8376  200 
 37.8151 -90.8061  200 
 34.7899 -89.8047  200 
 33.0598 -89.2437  200 
 31.7647 -88.8269  200 
 28.7395 -87.8659  200 
 25.7143 -86.8981  200 
 23.6224 -86.2185  200 
 22.6891 -85.9133  200 
 19.6639 -84.896  200 
 16.6387 -83.8076  200 
 15.0179 -83.1933  200 
 13.6134 -82.6452  200 
 10.5882 -81.4308  200 
 7.56303 -80.1682  200 
 4.53782 -78.8718  200 
 1.51261 -77.5243  200 
 0.671719 -77.1429  200 
-1.51261 -76.1274  200 
-4.53782 -74.6459  200 
-5.57176 -74.1176  200 
-7.56303 -73.0565  200 
-10.5882 -71.3317  200 
-10.999 -71.0924  200 
-13.6134 -69.4777  200 
-15.8 -68.0672  200 
-16.6387 -67.4921  200 
-19.6639 -65.4146  200 
-20.2235 -65.042  200 
-22.6891 -63.3413  200 
-24.6566 -62.0168  200 
-25.7143 -61.3052  200 
-28.7395 -59.2603  200 
-29.133 -58.9916  200 
-31.7647 -57.201  200 
-33.5071 -55.9664  200 
-34.7899 -55.0623  200 
-37.7154 -52.9412  200 
-37.8151 -52.8676  200 
-40.8403 -50.5881  200 
-41.6639 -49.916  200 
-43.8655 -47.9694  200 
-44.9514 -46.8908  200 
-46.8908 -44.7355  200 
-47.5932 -43.8655  200 
-49.7783 -40.8403  200 
-49.916 -40.639  200 
-51.7484 -37.8151  200 
-52.9412 -35.8889  200 
-53.6098 -34.7899  200 
-55.4457 -31.7647  200 
-55.9664 -30.9032  200 
-57.2776 -28.7395  200 
-58.9916 -25.8074  200 
-59.0464 -25.7143  200 
-60.8725 -22.6891  200 
-62.0168 -20.8389  200 
-62.7498 -19.6639  200 
-64.7174 -16.6387  200 
-65.042 -16.1497  200 
-66.6704 -13.6134  200 
-68.0672 -11.3675  200 


# Contour 5, label:      100
-131.597  67.7046  100 
-129.531  65.042  100 
-128.571  64.1905  100 
-126.175  62.0168  100 
-125.546  61.5671  100 
-122.521  59.2553  100 
-122.196  58.9916  100 
-119.496  57.0559  100 
-118.1  55.9664  100 
-116.471  54.7496  100 
-114.376  52.9412  100 
-113.445  52.1319  100 
-111.294  49.916  100 
-110.42  48.9806  100 
-108.768  46.8908  100 
-107.395  45.0597  100 
-106.622  43.8655  100 
-104.779  40.8403  100 
-104.37  40.1019  100 
-103.256  37.8151  100 
-101.932  34.7899  100 
-101.345  33.3406  100 
-100.771  31.7647  100 
-99.7124  28.7395  100 
-98.67  25.7143  100 
-98.3193  24.669  100 
-97.7052  22.6891  100 
-96.7982  19.6639  100 
-95.9104  16.6387  100 
-95.2941  14.5527  100 
-95.0286  13.6134  100 
-94.1661  10.5882  100 
-93.2634  7.56303  100 
-92.3265  4.53782  100 
-92.2689  4.34533  100 
-91.4429  1.51261  100 
-90.5625 -1.51261  100 
-89.6842 -4.53782  100 
-89.2437 -6.1188  100 
-88.8422 -7.56303  100 
-88.0506 -10.5882  100 
-87.3023 -13.6134  100 
-86.6477 -16.6387  100 
-86.2185 -19.3921  100 
-86.1748 -19.6639  100 
-86.0002 -22.6891  100 
-86.1968 -25.7143  100 
-86.2185 -25.8227  100 
-86.9002 -28.7395  100 
-88.2135 -31.7647  100 
-89.2437 -33.3589  100 
-90.2905 -34.7899  100 
-92.2689 -36.8933  100 
-93.2186 -37.8151  100 
-95.2941 -39.5512  100 
-96.9231 -40.8403  100 
-98.3193 -41.8562  100 
-101.15 -43.8655  100 
-101.345 -43.9976  100 
-104.37 -46.027  100 
-105.684 -46.8908  100 
-107.395 -48.0064  100 
-110.393 -49.916  100 
-110.42 -49.9333  100 
-113.445 -51.8173  100 
-115.325 -52.9412  100 
-116.471 -53.6558  100 
-119.496 -55.4576  100 
-120.394 -55.9664  100 
-122.521 -57.264  100 
-125.466 -58.9916  100 
-125.546 -59.0436  100 
-128.571 -60.875  100 
-130.573 -62.0168  100 
-131.597 -62.6753  100 
-134.622 -64.4659  100 
-135.695 -65.042  100 
-137.647 -66.2573  100 
-140.672 -67.9497  100 
-140.914 -68.0672  100 
-143.697 -69.7234  100 
-146.341 -71.0924  100 
-146.723 -71.358  100 
-149.748 -73.0504  100 
-152.344 -74.1176  100 
-152.773 -74.4018  100 
-155.798 -75.5117  100 
-158.824 -75.6904  100 
-161.849 -74.9176  100 
-163.345 -74.1176  100 
-164.874 -73.5977  100 
-167.899 -72.1637  100 
-169.838 -71.0924  100 
-170.924 -70.6324  100 
-173.95 -69.2956  100 
-176.869 -68.0672  100 
-176.975 -68.0284  100 
-180 -67.0466  100 

-14.0325  95.2941  100 
-16.6387  96.1879  100 
-19.6639  97.1986  100 
-22.6891  98.2324  100 
-22.9325  98.3193  100 
-25.7143  99.4237  100 
-28.7395  100.615  100 
-30.5802  101.345  100 
-31.7647  101.877  100 
-34.7899  103.287  100 
-36.963  104.37  100 
-37.8151  104.867  100 
-40.8403  106.821  100 
-41.6569  107.395  100 
-43.8655  109.211  100 
-45.2477  110.42  100 
-46.8908  112.133  100 
-48.0849  113.445  100 
-49.916  115.872  100 
-50.3527  116.471  100 
-52.2085  119.496  100 
-52.9412  120.877  100 
-53.8261  122.521  100 
-55.3015  125.546  100 
-55.9664  127.049  100 
-56.6914  128.571  100 
-57.995  131.597  100 
-58.9916  134.125  100 
-59.2124  134.622  100 
-60.4328  137.647  100 
-61.6552  140.672  100 
-62.0168  141.564  100 
-63.056  143.697  100 
-64.5381  146.723  100 
-65.042  147.773  100 
-66.2318  149.748  100 
-68.0672  152.712  100 
-68.1175  152.773  100 
-70.6388  155.798  100 
-71.0924  156.324  100 
-74.1176  158.702  100 
-74.3883  158.824  100 
-77.1429  160.078  100 
-80.1681  160.501  100 
-83.1933  160.06  100 
-86.2185  158.858  100 
-86.2725  158.824  100 
-89.2437  157.112  100 
-90.954  155.798  100 
-92.2689  154.875  100 
-94.7067  152.773  100 
-95.2941  152.305  100 
-98.0462  149.748  100 
-98.3193  149.51  100 
-101.171  146.723  100 
-101.345  146.562  100 
-104.194  143.697  100 
-104.37  143.53  100 
-107.182  140.672  100 
-107.395  140.466  100 
-110.155  137.647  100 
-110.42  137.386  100 
-113.136  134.622  100 
-113.445  134.316  100 
-116.149  131.597  100 
-116.471  131.277  100 
-119.176  128.571  100 
-119.496  128.25  100 
-122.156  125.546  100 
-122.521  125.162  100 
-125  122.521  100 
-125.546  121.897  100 
-127.682  119.496  100 
-128.571  118.419  100 
-130.25  116.471  100 
-131.597  114.782  100 
-132.723  113.445  100 
-134.622  110.964  100 
-135.063  110.42  100 
-137.205  107.395  100 
-137.647  106.632  100 
-139.013  104.37  100 
-140.287  101.345  100 
-140.672  98.7674  100 
-140.741  98.3193  100 
-140.672  97.7235  100 
-140.418  95.2941  100 
-139.616  92.2689  100 
-138.458  89.2437  100 
-137.647  87.5202  100 
-137.204  86.2185  100 
-136.175  83.1933  100 
-135.362  80.1681  100 
-134.778  77.1429  100 
-134.622  76.3313  100 
-134.23  74.1176  100 
-133.395  71.0924  100 
-131.878  68.0672  100 
-131.597  67.7046  100 

 132.677  86.2185  100 
 131.597  88.9295  100 
 131.482  89.2437  100 
 129.989  92.2689  100 
 128.571  94.6562  100 
 128.215  95.2941  100 
 126.317  98.3193  100 
 125.546  99.4832  100 
 124.389  101.345  100 
 122.521  104.355  100 
 122.513  104.37  100 
 120.75  107.395  100 
 119.496  109.431  100 
 118.922  110.42  100 
 117.042  113.445  100 
 116.471  114.306  100 
 115.088  116.471  100 
 113.445  118.895  100 
 113.046  119.496  100 
 110.92  122.521  100 
 110.42  123.202  100 
 108.679  125.546  100 
 107.395  127.227  100 
 106.319  128.571  100 
 104.37  131.016  100 
 103.869  131.597  100 
 101.356  134.622  100 
 101.345  134.636  100 
 98.7455  137.647  100 
 98.3193  138.187  100 
 96.0851  140.672  100 
 95.2941  141.654  100 
 93.3342  143.697  100 
 92.2689  144.949  100 
 90.3795  146.723  100 
 89.2437  147.935  100 
 86.9669  149.748  100 
 86.2185  150.429  100 
 83.1933  152.269  100 
 81.5919  152.773  100 
 80.1681  153.29  100 
 77.1429  153.373  100 
 75.3038  152.773  100 
 74.1176  152.407  100 
 71.0924  150.327  100 
 70.5669  149.748  100 
 68.0672  147.039  100 
 67.859  146.723  100 
 65.7773  143.697  100 
 65.042  142.662  100 
 63.9309  140.672  100 
 62.1971  137.647  100 
 62.0168  137.351  100 
 60.6257  134.622  100 
 59.0575  131.597  100 
 58.9916  131.477  100 
 57.5996  128.571  100 
 56.1449  125.546  100 
 55.9664  125.186  100 
 54.7744  122.521  100 
 53.4306  119.496  100 
 52.9412  118.419  100 
 52.1007  116.471  100 
 50.7419  113.445  100 
 49.916  111.694  100 
 49.3263  110.42  100 
 47.8549  107.395  100 
 46.8908  105.497  100 
 46.3141  104.37  100 
 44.6933  101.345  100 
 43.8655  99.873  100 
 42.9486  98.3193  100 
 41.0382  95.2941  100 
 40.8403  94.9969  100 
 38.7963  92.2689  100 
 37.8151  91.0675  100 
 36.0029  89.2437  100 
 34.7899  88.1599  100 
 31.7647  86.2277  100 
 31.7426  86.2185  100 
 28.7395  85.1518  100 
 25.7143  84.6902  100 
 22.6891  84.6961  100 
 19.6639  85.0593  100 
 16.6387  85.6718  100 
 14.4984  86.2185  100 
 13.6134  86.4395  100 
 10.5882  87.3209  100 
 7.56303  88.2252  100 
 4.53782  89.133  100 
 4.19167  89.2437  100 
 1.51261  90.1088  100 
-1.51261  91.0945  100 
-4.53782  92.0829  100 
-5.09023  92.2689  100 
-7.56303  93.1402  100 
-10.5882  94.1768  100 
-13.6134  95.1595  100 
-14.0325  95.2941  100 

 180 -66.9127  100 
 176.975 -67.8735  100 
 176.325 -68.0672  100 
 173.95 -68.8501  100 
 170.924 -69.6798  100 
 167.899 -70.2429  100 
 164.874 -70.4716  100 
 161.849 -70.3337  100 
 158.824 -69.8373  100 
 155.798 -69.0274  100 
 153.069 -68.0672  100 
 152.773 -67.9851  100 
 149.748 -66.9336  100 
 146.723 -65.7715  100 
 144.966 -65.042  100 
 143.697 -64.5962  100 
 140.672 -63.4707  100 
 137.647 -62.3662  100 
 136.735 -62.0168  100 
 134.622 -61.3101  100 
 131.597 -60.1762  100 
 128.829 -58.9916  100 
 128.571 -58.8892  100 
 125.546 -57.4557  100 
 122.845 -55.9664  100 
 122.521 -55.7933  100 
 119.496 -53.8701  100 
 118.257 -52.9412  100 
 116.471 -51.5871  100 
 114.616 -49.916  100 
 113.445 -48.8178  100 
 111.709 -46.8908  100 
 110.42 -45.3689  100 
 109.324 -43.8655  100 
 107.395 -41.0148  100 
 107.291 -40.8403  100 
 105.666 -37.8151  100 
 104.37 -35.1226  100 
 104.229 -34.7899  100 
 103.055 -31.7647  100 
 101.928 -28.7395  100 
 101.345 -27.1419  100 
 100.869 -25.7143  100 
 99.8692 -22.6891  100 
 98.8702 -19.6639  100 
 98.3193 -17.9454  100 
 97.9262 -16.6387  100 
 97.0063 -13.6134  100 
 96.0297 -10.5882  100 
 95.2941 -8.41063  100 
 95.0173 -7.56303  100 
 94.0255 -4.53782  100 
 93.0176 -1.51261  100 
 92.2689  0.796577  100 
 92.0392  1.51261  100 
 91.142  4.53782  100 
 90.2819  7.56303  100 
 89.4709  10.5882  100 
 89.2437  11.5732  100 
 88.7662  13.6134  100 
 88.1813  16.6387  100 
 87.7623  19.6639  100 
 87.5907  22.6891  100 
 87.7576  25.7143  100 
 88.3605  28.7395  100 
 89.2437  31.1198  100 
 89.5116  31.7647  100 
 91.3104  34.7899  100 
 92.2689  36.0125  100 
 93.7828  37.8151  100 
 95.2941  39.3338  100 
 96.8533  40.8403  100 
 98.3193  42.1258  100 
 100.327  43.8655  100 
 101.345  44.7049  100 
 103.985  46.8908  100 
 104.37  47.2055  100 
 107.395  49.7018  100 
 107.656  49.916  100 
 110.42  52.2561  100 
 111.239  52.9412  100 
 113.445  54.8984  100 
 114.68  55.9664  100 
 116.471  57.6455  100 
 117.97  58.9916  100 
 119.496  60.4923  100 
 121.166  62.0168  100 
 122.521  63.4085  100 
 124.23  65.042  100 
 125.546  66.5232  100 
 127.022  68.0672  100 
 128.571  70.068  100 
 129.43  71.0924  100 
 131.356  74.1176  100 
 131.597  74.682  100 
 132.752  77.1429  100 
 133.436  80.1681  100 
 133.376  83.1933  100 
 132.677  86.2185  100 

-13.6134 -90.4103  100 
-16.6387 -90.0521  100 
-19.6639 -89.8832  100 
-22.6891 -89.9797  100 
-25.7143 -90.4197  100 
-28.7395 -91.2787  100 
-31.0062 -92.2689  100 
-31.7647 -92.6316  100 
-34.7899 -94.5183  100 
-35.8039 -95.2941  100 
-37.8151 -96.901  100 
-39.3865 -98.3193  100 
-40.8403 -99.6451  100 
-42.5992 -101.345  100 
-43.8655 -102.561  100 
-45.7029 -104.37  100 
-46.8908 -105.532  100 
-48.8092 -107.395  100 
-49.916 -108.469  100 
-52.009 -110.42  100 
-52.9412 -111.299  100 
-55.376 -113.445  100 
-55.9664 -113.98  100 
-58.9595 -116.471  100 
-58.9916 -116.499  100 
-62.0168 -118.96  100 
-62.7413 -119.496  100 
-65.042 -121.357  100 
-66.7327 -122.521  100 
-68.0672 -123.517  100 
-71.0924 -125.332  100 
-71.5683 -125.546  100 
-74.1176 -126.791  100 
-77.1429 -127.75  100 
-80.1681 -128.178  100 
-83.1933 -128.075  100 
-86.2185 -127.468  100 
-89.2437 -126.401  100 
-90.9862 -125.546  100 
-92.2689 -124.963  100 
-95.2941 -123.238  100 
-96.3711 -122.521  100 
-98.3193 -121.318  100 
-101.044 -119.496  100 
-101.345 -119.311  100 
-104.37 -117.361  100 
-105.672 -116.471  100 
-107.395 -115.341  100 
-110.169 -113.445  100 
-110.42 -113.277  100 
-113.445 -111.221  100 
-114.635 -110.42  100 
-116.471 -109.179  100 
-119.176 -107.395  100 
-119.496 -107.177  100 
-122.521 -105.179  100 
-123.799 -104.37  100 
-125.546 -103.184  100 
-128.416 -101.345  100 
-128.571 -101.234  100 
-131.597 -99.2549  100 
-133.167 -98.3193  100 
-134.622 -97.3257  100 
-137.647 -95.459  100 
-137.945 -95.2941  100 
-140.672 -93.4946  100 
-142.794 -92.2689  100 
-143.697 -91.6119  100 
-146.723 -89.7618  100 
-147.797 -89.2437  100 
-149.748 -87.9251  100 
-152.773 -86.4737  100 
-153.711 -86.2185  100 
-155.798 -85.2492  100 
-158.824 -84.9162  100 
-161.849 -85.5726  100 
-163.16 -86.2185  100 
-164.874 -86.7159  100 
-167.899 -87.9615  100 
-170.589 -89.2437  100 
-170.924 -89.3599  100 
-173.95 -90.4353  100 
-176.975 -91.3929  100 
-180 -92.0956  100 

 180 -92.0801  100 
 176.975 -91.8791  100 
 173.95 -91.5767  100 
 170.924 -91.3332  100 
 167.899 -91.3166  100 
 164.874 -91.6817  100 
 162.859 -92.2689  100 
 161.849 -92.4989  100 
 158.824 -93.6673  100 
 155.937 -95.2941  100 
 155.798 -95.3598  100 
 152.773 -97.2191  100 
 151.282 -98.3193  100 
 149.748 -99.306  100 
 146.932 -101.345  100 
 146.723 -101.48  100 
 143.697 -103.582  100 
 142.601 -104.37  100 
 140.672 -105.641  100 
 138.065 -107.395  100 
 137.647 -107.664  100 
 134.622 -109.682  100 
 133.558 -110.42  100 
 131.597 -111.757  100 
 129.206 -113.445  100 
 128.571 -113.894  100 
 125.546 -116.099  100 
 125.053 -116.471  100 
 122.521 -118.402  100 
 121.133 -119.496  100 
 119.496 -120.851  100 
 117.562 -122.521  100 
 116.471 -123.502  100 
 114.197 -125.546  100 
 113.445 -126.246  100 
 110.897 -128.571  100 
 110.42 -129.022  100 
 107.605 -131.597  100 
 107.395 -131.796  100 
 104.37 -134.517  100 
 104.241 -134.622  100 
 101.345 -137.083  100 
 100.559 -137.647  100 
 98.3193 -139.254  100 
 95.7464 -140.672  100 
 95.2941 -140.923  100 
 92.2689 -142.203  100 
 89.2437 -143.071  100 
 86.2185 -143.492  100 
 83.1933 -143.407  100 
 80.1681 -142.722  100 
 77.1429 -141.254  100 
 76.3589 -140.672  100 
 74.1176 -138.987  100 
 72.7688 -137.647  100 
 71.0924 -135.998  100 
 69.9651 -134.622  100 
 68.0672 -132.368  100 
 67.5254 -131.597  100 
 65.2643 -128.571  100 
 65.042 -128.301  100 
 63.0622 -125.546  100 
 62.0168 -124.24  100 
 60.764 -122.521  100 
 58.9916 -120.368  100 
 58.3139 -119.496  100 
 55.9664 -116.856  100 
 55.6288 -116.471  100 
 52.9412 -113.836  100 
 52.5343 -113.445  100 
 49.916 -111.296  100 
 48.7987 -110.42  100 
 46.8908 -109.129  100 
 44.1769 -107.395  100 
 43.8655 -107.22  100 
 40.8403 -105.635  100 
 38.1761 -104.37  100 
 37.8151 -104.217  100 
 34.7899 -103.083  100 
 31.7647 -102.034  100 
 29.6836 -101.345  100 
 28.7395 -101.058  100 
 25.7143 -100.163  100 
 22.6891 -99.27  100 
 19.6639 -98.389  100 
 19.4082 -98.3193  100 
 16.6387 -97.6087  100 
 13.6134 -96.8214  100 
 10.5882 -96.001  100 
 8.06723 -95.2941  100 
 7.56303 -95.1572  100 
 4.53782 -94.3513  100 
 1.51261 -93.5542  100 
-1.51261 -92.7924  100 
-3.76057 -92.2689  100 
-4.53782 -92.0876  100 
-7.56303 -91.4625  100 
-10.5882 -90.8951  100 
-13.6134 -90.4103  100 


# Contour 6, label:       50
-102.903 -7.56303  50 
-103.119 -10.5882  50 
-103.598 -13.6134  50 

-103.598 -13.6134  50 
-104.37 -16.4416  50 
-104.439 -16.6387  50 
-105.955 -19.6639  50 
-107.395 -21.775  50 
-108.155 -22.6891  50 
-110.42 -24.9788  50 
-111.275 -25.7143  50 
-113.445 -27.3957  50 
-115.415 -28.7395  50 
-116.471 -29.4117  50 
-119.496 -31.104  50 
-120.882 -31.7647  50 
-122.521 -32.503  50 
-125.546 -33.6065  50 
-128.571 -34.4717  50 
-130.141 -34.7899  50 
-131.597 -35.0718  50 
-134.622 -35.4118  50 
-137.647 -35.4766  50 
-140.672 -35.1844  50 
-142.369 -34.7899  50 
-143.697 -34.4057  50 
-146.723 -32.9635  50 
-148.449 -31.7647  50 
-149.748 -30.4796  50 
-151.091 -28.7395  50 
-152.489 -25.7143  50 
-152.773 -24.6694  50 
-153.233 -22.6891  50 
-153.638 -19.6639  50 
-153.887 -16.6387  50 
-154.07 -13.6134  50 
-154.246 -10.5882  50 
-154.472 -7.56303  50 
-154.802 -4.53782  50 
-155.296 -1.51261  50 
-155.798  0.557364  50 
-156.026  1.51261  50 
-157.019  4.53782  50 
-158.205  7.56303  50 
-158.824  9.00311  50 
-159.532  10.5882  50 
-160.94  13.6134  50 
-161.849  15.5455  50 
-162.399  16.6387  50 
-163.908  19.6639  50 
-164.874  21.6623  50 
-165.405  22.6891  50 
-166.791  25.7143  50 
-167.899  28.7023  50 
-167.914  28.7395  50 
-168.666  31.7647  50 
-168.845  34.7899  50 
-168.219  37.8151  50 
-167.899  38.4157  50 
-166.514  40.8403  50 
-164.874  42.4658  50 
-163.209  43.8655  50 
-161.849  44.6791  50 
-158.824  46.1042  50 
-156.562  46.8908  50 
-155.798  47.1147  50 
-152.773  47.7831  50 
-149.748  48.2188  50 
-146.723  48.4494  50 
-143.697  48.5021  50 
-140.672  48.3957  50 
-137.647  48.1292  50 
-134.622  47.6858  50 
-131.597  47.0445  50 
-131.069  46.8908  50 
-128.571  46.1458  50 
-125.546  44.9867  50 
-123.226  43.8655  50 
-122.521  43.5028  50 
-119.496  41.5002  50 
-118.722  40.8403  50 
-116.471  38.6462  50 
-115.765  37.8151  50 
-113.495  34.7899  50 
-113.445  34.7146  50 
-111.781  31.7647  50 
-110.42  29.0919  50 
-110.264  28.7395  50 
-109.077  25.7143  50 
-107.992  22.6891  50 
-107.395  20.8194  50 
-107.064  19.6639  50 
-106.311  16.6387  50 
-105.632  13.6134  50 
-104.995  10.5882  50 
-104.375  7.56303  50 
-104.37  7.53705  50 
-103.865  4.53782  50 
-103.4  1.51261  50 
-103.056 -1.51261  50 
-102.891 -4.53782  50 
-102.903 -7.56303  50 

 26.0621  119.496  50 
 25.7143  118.306  50 
 25.1396  116.471  50 
 23.8371  113.445  50 
 22.6891  111.428  50 
 22.0403  110.42  50 
 19.6639  107.721  50 
 19.3072  107.395  50 
 16.6387  105.651  50 
 13.7366  104.37  50 
 13.6134  104.331  50 
 10.5882  103.721  50 
 7.56303  103.436  50 
 4.53782  103.416  50 
 1.51261  103.647  50 
-1.51261  104.147  50 
-2.46059  104.37  50 
-4.53782  104.935  50 
-7.56303  105.818  50 
-10.5882  106.68  50 
-13.0926  107.395  50 
-13.6134  107.569  50 
-16.6387  108.662  50 
-19.6639  109.806  50 
-21.1454  110.42  50 
-22.6891  111.168  50 
-25.7143  112.759  50 
-26.911  113.445  50 
-28.7395  114.698  50 
-31.1058  116.471  50 
-31.7647  117.073  50 
-34.1386  119.496  50 
-34.7899  120.332  50 
-36.2903  122.521  50 
-37.8151  125.405  50 
-37.8803  125.546  50 
-38.9281  128.571  50 
-39.7287  131.597  50 
-40.3041  134.622  50 
-40.6335  137.647  50 
-40.5839  140.672  50 
-39.9928  143.697  50 
-38.9918  146.723  50 
-37.8151  149.371  50 
-37.5511  149.748  50 
-35.0086  152.773  50 
-34.7899  153.005  50 
-31.7647  154.424  50 
-28.7395  154.517  50 
-25.7143  153.898  50 
-22.6891  152.923  50 
-22.3159  152.773  50 
-19.6639  151.846  50 
-16.6387  150.697  50 
-14.2718  149.748  50 
-13.6134  149.497  50 
-10.5882  148.302  50 
-7.56303  147.157  50 
-6.3267  146.723  50 
-4.53782  146.084  50 
-1.51261  145.106  50 
 1.51261  144.215  50 
 3.40428  143.697  50 
 4.53782  143.349  50 
 7.56303  142.498  50 
 10.5882  141.702  50 
 13.6134  140.923  50 
 14.5623  140.672  50 
 16.6387  139.988  50 
 19.6639  138.727  50 
 21.4635  137.647  50 
 22.6891  136.598  50 
 24.427  134.622  50 
 25.7143  132.231  50 
 25.9845  131.597  50 
 26.6799  128.571  50 
 26.8576  125.546  50 
 26.6274  122.521  50 
 26.0621  119.496  50 

 16.6387 -107.036  50 
 18.24 -107.395  50 
 19.6639 -107.748  50 
 22.6891 -108.585  50 
 25.7143 -109.493  50 
 28.5638 -110.42  50 
 28.7395 -110.485  50 
 31.7647 -111.735  50 
 34.7899 -113.115  50 
 35.427 -113.445  50 
 37.8151 -114.871  50 
 40.1676 -116.471  50 
 40.8403 -117.012  50 
 43.5013 -119.496  50 
 43.8655 -119.921  50 
 45.9199 -122.521  50 
 46.8908 -124.019  50 
 47.8394 -125.546  50 
 49.4017 -128.571  50 
 49.916 -129.768  50 
 50.6898 -131.597  50 
 51.7643 -134.622  50 
 52.6935 -137.647  50 
 52.9412 -138.567  50 
 53.5224 -140.672  50 
 54.3036 -143.697  50 
 55.0283 -146.723  50 
 55.6283 -149.748  50 
 55.9664 -152.42  50 
 56.0157 -152.773  50 
 56.0889 -155.798  50 

 56.0889 -155.798  50 
 55.9664 -156.862  50 
 55.7292 -158.824  50 
 54.8242 -161.849  50 
 53.2662 -164.874  50 
 52.9412 -165.334  50 
 50.9333 -167.899  50 
 49.916 -168.928  50 
 47.5651 -170.924  50 
 46.8908 -171.42  50 
 43.8655 -173.151  50 
 41.7312 -173.95  50 
 40.8403 -174.26  50 
 37.8151 -174.775  50 
 34.7899 -174.791  50 
 31.7647 -174.439  50 
 29.3554 -173.95  50 
 28.7395 -173.828  50 
 25.7143 -173.056  50 
 22.6891 -172.212  50 
 19.6639 -171.362  50 
 18.0663 -170.924  50 
 16.6387 -170.53  50 
 13.6134 -169.738  50 
 10.5882 -169.013  50 
 7.56303 -168.39  50 
 4.53782 -167.908  50 
 4.45522 -167.899  50 
 1.51261 -167.583  50 
-1.51261 -167.451  50 
-4.53782 -167.523  50 
-7.56303 -167.806  50 
-8.16649 -167.899  50 
-10.5882 -168.281  50 
-13.6134 -168.936  50 
-16.6387 -169.748  50 
-19.6639 -170.682  50 
-20.4259 -170.924  50 
-22.6891 -171.656  50 
-25.7143 -172.623  50 
-28.7395 -173.522  50 
-30.5483 -173.95  50 
-31.7647 -174.232  50 
-34.7899 -174.62  50 
-37.8151 -174.55  50 
-40.3108 -173.95  50 
-40.8403 -173.803  50 
-43.8655 -172.22  50 
-45.6774 -170.924  50 
-46.8908 -169.931  50 
-49.0108 -167.899  50 
-49.916 -166.835  50 
-51.4764 -164.874  50 
-52.9412 -162.285  50 
-53.1849 -161.849  50 
-54.0276 -158.824  50 
-53.9922 -155.798  50 
-53.2741 -152.773  50 
-52.9412 -151.947  50 
-52.1031 -149.748  50 
-50.6799 -146.723  50 
-49.916 -145.257  50 
-49.1354 -143.697  50 
-47.5639 -140.672  50 
-46.8908 -139.396  50 
-45.9979 -137.647  50 
-44.4515 -134.622  50 
-43.8655 -133.523  50 
-42.8733 -131.597  50 
-41.2256 -128.571  50 
-40.8403 -127.93  50 
-39.4253 -125.546  50 
-37.8151 -123.095  50 
-37.433 -122.521  50 
-35.1125 -119.496  50 
-34.7899 -119.126  50 
-32.4495 -116.471  50 
-31.7647 -115.768  50 
-29.4182 -113.445  50 
-28.7395 -112.837  50 
-25.8252 -110.42  50 
-25.7143 -110.337  50 
-22.6891 -108.352  50 
-20.9515 -107.395  50 
-19.6639 -106.777  50 
-16.6387 -105.64  50 
-13.6134 -104.823  50 
-11.0937 -104.37  50 
-10.5882 -104.294  50 
-7.56303 -104.032  50 
-4.53782 -103.955  50 
-1.51261 -104.052  50 
 1.51261 -104.32  50 
 1.87492 -104.37  50 
 4.53782 -104.767  50 
 7.56303 -105.291  50 
 10.5882 -105.846  50 
 13.6134 -106.423  50 
 16.6387 -107.036  50 

 162.464 -16.6387  50 
 163.365 -19.6639  50 
 164.173 -22.6891  50 
 164.812 -25.7143  50 
 164.874 -26.2423  50 
 165.175 -28.7395  50 
 165.137 -31.7647  50 

 165.137 -31.7647  50 
 164.874 -33.1103  50 
 164.514 -34.7899  50 
 163.053 -37.8151  50 
 161.849 -39.2498  50 
 160.208 -40.8403  50 
 158.824 -41.7413  50 
 155.798 -43.2304  50 
 154.108 -43.8655  50 
 152.773 -44.2637  50 
 149.748 -44.9448  50 
 146.723 -45.3974  50 
 143.697 -45.6343  50 
 140.672 -45.6516  50 
 137.647 -45.436  50 
 134.622 -44.9892  50 
 131.597 -44.3163  50 
 130.121 -43.8655  50 
 128.571 -43.3532  50 
 125.546 -42.0484  50 
 123.338 -40.8403  50 
 122.521 -40.3364  50 
 119.496 -37.905  50 
 119.409 -37.8151  50 
 116.838 -34.7899  50 
 116.471 -34.3052  50 
 114.871 -31.7647  50 
 113.445 -29.265  50 
 113.19 -28.7395  50 
 111.874 -25.7143  50 
 110.662 -22.6891  50 
 110.42 -22.0095  50 
 109.681 -19.6639  50 
 108.809 -16.6387  50 
 107.99 -13.6134  50 
 107.395 -11.3032  50 
 107.228 -10.5882  50 
 106.569 -7.56303  50 
 105.919 -4.53782  50 
 105.305 -1.51261  50 
 104.791  1.51261  50 
 104.439  4.53782  50 
 104.37  5.86763  50 
 104.29  7.56303  50 
 104.338  10.5882  50 
 104.37  10.9509  50 
 104.656  13.6134  50 
 105.311  16.6387  50 
 106.366  19.6639  50 
 107.395  21.7557  50 
 107.932  22.6891  50 
 110.106  25.7143  50 
 110.42  26.085  50 
 112.966  28.7395  50 
 113.445  29.1891  50 
 116.471  31.7212  50 
 116.53  31.7647  50 
 119.496  33.8248  50 
 121.088  34.7899  50 
 122.521  35.6315  50 
 125.546  37.1451  50 
 127.125  37.8151  50 
 128.571  38.4193  50 
 131.597  39.4862  50 
 134.622  40.3971  50 
 136.451  40.8403  50 
 137.647  41.1317  50 
 140.672  41.6675  50 
 143.697  42.0101  50 
 146.723  42.1522  50 
 149.748  42.0654  50 
 152.773  41.7018  50 
 155.798  40.9966  50 
 156.251  40.8403  50 
 158.824  39.5882  50 
 161.147  37.8151  50 
 161.849  36.8387  50 
 162.975  34.7899  50 
 163.5  31.7647  50 
 163.285  28.7395  50 
 162.667  25.7143  50 
 161.863  22.6891  50 
 161.849  22.6421  50 
 161.023  19.6639  50 
 160.251  16.6387  50 
 159.567  13.6134  50 
 158.996  10.5882  50 
 158.824  9.40573  50 
 158.568  7.56303  50 
 158.316  4.53782  50 
 158.281  1.51261  50 
 158.534 -1.51261  50 
 158.824 -3.1506  50 
 159.067 -4.53782  50 
 159.779 -7.56303  50 
 160.615 -10.5882  50 
 161.529 -13.6134  50 
 161.849 -14.6555  50 
 162.464 -16.6387  50 

-115.084 -180  50 
-113.445 -178.167  50 
-112.421 -176.975  50 
-110.42 -174.562  50 
-109.917 -173.95  50 
-107.591 -170.924  50 
-107.395 -170.633  50 
-105.487 -167.899  50 
-104.37 -165.889  50 
-103.768 -164.874  50 
-102.589 -161.849  50 
-102.218 -158.824  50 
-102.734 -155.798  50 
-103.953 -152.773  50 
-104.37 -152.071  50 
-105.68 -149.748  50 
-107.395 -147.317  50 
-107.804 -146.723  50 
-110.198 -143.697  50 
-110.42 -143.438  50 
-112.823 -140.672  50 
-113.445 -139.991  50 
-115.637 -137.647  50 
-116.471 -136.782  50 
-118.592 -134.622  50 
-119.496 -133.735  50 
-121.749 -131.597  50 
-122.521 -130.902  50 
-125.264 -128.571  50 
-125.546 -128.348  50 
-128.571 -126.106  50 
-129.378 -125.546  50 
-131.597 -124.119  50 
-134.226 -122.521  50 
-134.622 -122.299  50 
-137.647 -120.733  50 
-140.384 -119.496  50 
-140.672 -119.378  50 
-143.697 -118.395  50 
-146.723 -117.58  50 
-149.748 -116.915  50 
-152.389 -116.471  50 
-152.773 -116.41  50 
-155.798 -116.097  50 
-158.824 -115.986  50 
-161.849 -116.117  50 
-164.874 -116.468  50 
-164.892 -116.471  50 
-167.899 -116.996  50 
-170.924 -117.615  50 
-173.95 -118.288  50 
-176.975 -119.001  50 
-178.906 -119.496  50 
-180 -119.807  50 

-113.316  180  50 
-113.445  179.732  50 
-114.788  176.975  50 
-116.369  173.95  50 
-116.471  173.766  50 
-118.124  170.924  50 
-119.496  168.664  50 
-119.987  167.899  50 
-121.984  164.874  50 
-122.521  164.082  50 
-124.118  161.849  50 
-125.546  159.881  50 
-126.357  158.824  50 
-128.571  155.941  50 
-128.687  155.798  50 
-131.144  152.773  50 
-131.597  152.219  50 
-133.704  149.748  50 
-134.622  148.681  50 
-136.396  146.723  50 
-137.647  145.371  50 
-139.327  143.697  50 
-140.672  142.426  50 
-142.821  140.672  50 
-143.697  140.026  50 
-146.723  138.028  50 
-147.363  137.647  50 
-149.748  136.302  50 
-152.773  134.742  50 
-153.037  134.622  50 
-155.798  133.423  50 
-158.824  132.284  50 
-161  131.597  50 
-161.849  131.333  50 
-164.874  130.573  50 
-167.899  129.968  50 
-170.924  129.522  50 
-173.95  129.241  50 
-176.975  129.128  50 
-180  129.184  50 

 180  129  50 
 179.446  128.571  50 
 176.975  126.755  50 
 175.294  125.546  50 
 173.95  124.584  50 
 170.924  122.566  50 
 170.846  122.521  50 
 167.899  120.825  50 
 164.874  119.51  50 
 164.819  119.496  50 
 161.849  118.744  50 
 158.824  118.668  50 
 155.798  119.319  50 
 155.374  119.496  50 
 152.773  120.575  50 
 149.748  122.323  50 
 149.471  122.521  50 
 146.723  124.424  50 
 145.274  125.546  50 
 143.697  126.746  50 
 141.434  128.571  50 
 140.672  129.198  50 
 137.879  131.597  50 
 137.647  131.806  50 
 134.65  134.622  50 
 134.622  134.651  50 
 131.761  137.647  50 
 131.597  137.838  50 
 129.233  140.672  50 
 128.571  141.578  50 
 127.111  143.697  50 
 125.546  146.377  50 
 125.362  146.723  50 
 123.974  149.748  50 
 122.731  152.773  50 
 122.521  153.332  50 
 121.669  155.798  50 
 120.704  158.824  50 
 119.857  161.849  50 
 119.496  163.308  50 
 119.14  164.874  50 
 118.472  167.899  50 
 117.797  170.924  50 
 117.11  173.95  50 
 116.471  176.761  50 
 116.425  176.975  50 
 115.816  180  50 

 180 -119.801  50 
 178.295 -119.496  50 
 176.975 -119.284  50 
 173.95 -118.94  50 
 170.924 -118.723  50 
 167.899 -118.651  50 
 164.874 -118.758  50 
 161.849 -119.092  50 
 159.996 -119.496  50 
 158.824 -119.773  50 
 155.798 -120.862  50 
 152.773 -122.18  50 
 152.086 -122.521  50 
 149.748 -123.739  50 
 146.723 -125.447  50 
 146.56 -125.546  50 
 143.697 -127.376  50 
 141.929 -128.571  50 
 140.672 -129.459  50 
 137.762 -131.597  50 
 137.647 -131.684  50 
 134.622 -134.05  50 
 133.912 -134.622  50 
 131.597 -136.514  50 
 130.264 -137.647  50 
 128.571 -139.108  50 
 126.843 -140.672  50 
 125.546 -141.87  50 
 123.648 -143.697  50 
 122.521 -144.819  50 
 120.67 -146.723  50 
 119.496 -148.011  50 
 117.965 -149.748  50 
 116.471 -151.649  50 
 115.614 -152.773  50 
 113.736 -155.798  50 
 113.445 -156.462  50 
 112.408 -158.824  50 
 111.687 -161.849  50 
 111.567 -164.874  50 
 111.992 -167.899  50 
 112.879 -170.924  50 
 113.445 -172.308  50 
 114.144 -173.95  50 
 115.714 -176.975  50 
 116.471 -178.25  50 
 117.595 -180  50 

