
# Surface 0 of 1 surfaces

# Curve title: "'test.dat'"

# Contour 0, label:      565
 11.6991 -9.94975  565 
 9.94975 -11.6938  565 
 8.1407 -11.118  565 
 6.33166 -10.2833  565 
 5.79921 -9.94975  565 
 4.52261 -9.19295  565 
 2.9687 -8.1407  565 
 2.71357 -7.97716  565 
 0.904523 -6.54628  565 
 0.675529 -6.33166  565 
-0.904523 -4.85865  565 
-1.2084 -4.52261  565 
-2.71357 -2.74114  565 
-2.73366 -2.71357  565 
-3.79386 -0.904523  565 
-4.52261  0.691262  565 
-4.61725  0.904523  565 
-5.0963  2.71357  565 
-5.27585  4.52261  565 
-4.78788  6.33166  565 
-4.52261  6.60804  565 
-2.71357  7.03671  565 
-0.904523  6.68488  565 
-0.107792  6.33166  565 
 0.904523  5.89655  565 
 2.71357  4.7687  565 
 3.01829  4.52261  565 
 4.52261  3.20795  565 
 5.00886  2.71357  565 
 6.33166  1.19282  565 
 6.56386  0.904523  565 
 7.81552 -0.904523  565 
 8.1407 -1.45395  565 
 8.87312 -2.71357  565 
 9.85193 -4.52261  565 
 9.94975 -4.75475  565 
 10.6126 -6.33166  565 
 11.2652 -8.1407  565 
 11.6991 -9.94975  565 


# Contour 1, label:      500
 38.8945 -21.2517  500 
 39.6246 -22.6131  500 
 40.5977 -24.4221  500 
 40.7035 -24.6255  500 
 41.5239 -26.2312  500 
 42.4516 -28.0402  500 
 42.5126 -28.1652  500 
 43.3065 -29.8492  500 
 44.1407 -31.6583  500 
 44.3216 -32.0874  500 
 44.8773 -33.4673  500 
 45.526 -35.2764  500 
 46.068 -37.0854  500 
 46.1307 -37.399  500 
 46.4202 -38.8945  500 
 46.5715 -40.7035  500 
 46.4568 -42.5126  500 

-43.2722  31.6583  500 
-44.2871  33.4673  500 
-44.3216  33.5345  500 
-45.164  35.2764  500 
-45.9358  37.0854  500 
-46.1307  37.6856  500 
-46.51  38.8945  500 
-46.8721  40.7035  500 
-46.9835  42.5126  500 
-46.7449  44.3216  500 
-46.1307  45.782  500 
-45.9036  46.1307  500 
-44.3216  47.4086  500 
-42.809  47.9397  500 
-42.5126  48.0121  500 
-40.7035  48.1319  500 
-38.8945  47.9893  500 
-38.6442  47.9397  500 
-37.0854  47.6208  500 
-35.2764  47.0902  500 
-33.4673  46.4468  500 
-32.6962  46.1307  500 
-31.6583  45.681  500 
-29.8492  44.8393  500 
-28.7813  44.3216  500 
-28.0402  43.9457  500 
-26.2312  43.007  500 
-25.2894  42.5126  500 
-24.4221  42.0438  500 
-22.6131  41.0587  500 
-21.9751  40.7035  500 
-20.804  40.04  500 
-18.995  39.0027  500 
-18.8149  38.8945  500 
-17.1859  37.9059  500 
-15.8637  37.0854  500 
-15.3769  36.7817  500 
-13.5678  35.6055  500 
-13.0812  35.2764  500 
-11.7588  34.3772  500 
-10.4581  33.4673  500 
-9.94975  33.1093  500 
-8.1407  31.7989  500 
-7.95181  31.6583  500 
-6.33166  30.4409  500 
-5.55418  29.8492  500 
-4.52261  29.0542  500 
-3.22086  28.0402  500 
-2.71357  27.6392  500 
-0.954046  26.2312  500 
-0.904523  26.1909  500 
 0.904523  24.6862  500 
 1.21451  24.4221  500 
 2.71357  23.1243  500 
 3.28773  22.6131  500 
 4.52261  21.4962  500 
 5.26674  20.804  500 
 6.33166  19.8031  500 
 7.16873  18.995  500 
 8.1407  18.0529  500 
 9.01298  17.1859  500 
 9.94975  16.2552  500 
 10.8152  15.3769  500 
 11.7588  14.4203  500 
 12.5868  13.5678  500 
 13.5678  12.5555  500 
 14.3327  11.7588  500 
 15.3769  10.6607  500 
 16.0491  9.94975  500 
 17.1859  8.72685  500 
 17.7281  8.1407  500 
 18.995  6.74072  500 
 19.363  6.33166  500 
 20.804  4.69195  500 
 20.9518  4.52261  500 
 22.4932  2.71357  500 
 22.6131  2.56994  500 
 23.9888  0.904523  500 
 24.4221  0.371997  500 
 25.4462 -0.904523  500 
 26.2312 -1.89668  500 
 26.8669 -2.71357  500 
 28.0402 -4.24223  500 
 28.2518 -4.52261  500 
 29.59 -6.33166  500 
 29.8492 -6.69019  500 
 30.8819 -8.1407  500 
 31.6583 -9.25554  500 
 32.1355 -9.94975  500 
 33.3425 -11.7588  500 
 33.4673 -11.9544  500 
 34.4863 -13.5678  500 
 35.2764 -14.8582  500 
 35.5911 -15.3769  500 
 36.6433 -17.1859  500 
 37.0854 -17.9707  500 
 37.6578 -18.995  500 
 38.6531 -20.804  500 
 38.8945 -21.2517  500 

 46.4568 -42.5126  500 
 46.1307 -43.7494  500 
 45.9152 -44.3216  500 
 44.453 -46.1307  500 
 44.3216 -46.2292  500 
 42.5126 -47.0041  500 
 40.7035 -47.2636  500 
 38.8945 -47.1981  500 
 37.0854 -46.9073  500 
 35.2764 -46.4526  500 
 34.2881 -46.1307  500 
 33.4673 -45.8523  500 
 31.6583 -45.133  500 
 29.8492 -44.3604  500 
 29.7665 -44.3216  500 
 28.0402 -43.4851  500 
 26.2312 -42.5957  500 
 26.071 -42.5126  500 
 24.4221 -41.6375  500 
 22.6646 -40.7035  500 
 22.6131 -40.6758  500 
 20.804 -39.6621  500 
 19.4326 -38.8945  500 
 18.995 -38.6488  500 
 17.1859 -37.5988  500 
 16.3322 -37.0854  500 
 15.3769 -36.5076  500 
 13.5678 -35.3708  500 
 13.4256 -35.2764  500 
 11.7588 -34.1631  500 
 10.7563 -33.4673  500 
 9.94975 -32.9032  500 
 8.23325 -31.6583  500 
 8.1407 -31.5905  500 
 6.33166 -30.2093  500 
 5.87433 -29.8492  500 
 4.52261 -28.7712  500 
 3.63236 -28.0402  500 
 2.71357 -27.2741  500 
 1.50184 -26.2312  500 
 0.904523 -25.7082  500 
-0.510915 -24.4221  500 
-0.904523 -24.0573  500 
-2.39721 -22.6131  500 
-2.71357 -22.2986  500 
-4.16324 -20.804  500 
-4.52261 -20.4243  500 
-5.84815 -18.995  500 
-6.33166 -18.4671  500 
-7.49781 -17.1859  500 
-8.1407 -16.4771  500 
-9.14907 -15.3769  500 
-9.94975 -14.5023  500 
-10.8333 -13.5678  500 
-11.7588 -12.5827  500 
-12.58 -11.7588  500 
-13.5678 -10.7481  500 
-14.4215 -9.94975  500 
-15.3769 -9.02263  500 
-16.4074 -8.1407  500 
-17.1859 -7.43814  500 
-18.6494 -6.33166  500 
-18.995 -6.0541  500 
-20.804 -4.92829  500 
-21.7471 -4.52261  500 
-22.6131 -4.14392  500 
-24.4221 -3.63489  500 
-26.2312 -3.29635  500 
-28.0402 -3.02283  500 
-29.8492 -2.74089  500 
-29.9862 -2.71357  500 
-31.6583 -2.34673  500 
-33.4673 -1.80431  500 
-35.2764 -1.06555  500 
-35.5625 -0.904523  500 
-37.0854  0.229036  500 
-37.7125  0.904523  500 
-38.604  2.71357  500 
-38.8945  4.13537  500 
-38.9513  4.52261  500 
-39.0252  6.33166  500 
-38.9741  8.1407  500 
-38.8945  9.2358  500 
-38.8347  9.94975  500 
-38.6366  11.7588  500 
-38.4279  13.5678  500 
-38.2403  15.3769  500 
-38.1122  17.1859  500 
-38.1003  18.995  500 
-38.3012  20.804  500 
-38.7683  22.6131  500 
-38.8945  22.967  500 
-39.4443  24.4221  500 
-40.2786  26.2312  500 
-40.7035  27.0473  500 
-41.2257  28.0402  500 
-42.2488  29.8492  500 
-42.5126  30.3035  500 
-43.2722  31.6583  500 


# Contour 2, label:      400
 60.1262 -29.8492  400 
 60.603 -30.7975  400 
 61.0293 -31.6583  400 
 61.9036 -33.4673  400 
 62.4121 -34.5422  400 
 62.7532 -35.2764  400 
 63.5746 -37.0854  400 
 64.2211 -38.5275  400 
 64.3823 -38.8945  400 
 65.1597 -40.7035  400 
 65.933 -42.5126  400 
 66.0302 -42.7451  400 
 66.6726 -44.3216  400 
 67.4009 -46.1307  400 
 67.8392 -47.2426  400 
 68.1072 -47.9397  400 
 68.777 -49.7487  400 
 69.4263 -51.5578  400 
 69.6482 -52.2168  400 
 70.0279 -53.3668  400 
 70.5833 -55.1759  400 
 71.0994 -56.9849  400 
 71.4573 -58.3702  400 
 71.5668 -58.794  400 
 71.9689 -60.603  400 
 72.321 -62.4121  400 
 72.6123 -64.2211  400 
 72.8175 -66.0302  400 
 72.8834 -67.8392  400 
 72.6969 -69.6482  400 
 71.9891 -71.4573  400 

-27.5762  60.603  400 
-26.2312  59.8915  400 
-24.4221  58.9176  400 
-24.1952  58.794  400 
-22.6131  57.9304  400 
-20.8569  56.9849  400 
-20.804  56.9563  400 
-18.995  55.9895  400 
-17.4639  55.1759  400 
-17.1859  55.0247  400 
-15.3769  54.0324  400 
-14.1908  53.3668  400 
-13.5678  53.0073  400 
-11.7588  51.9332  400 
-11.1478  51.5578  400 
-9.94975  50.7996  400 
-8.35491  49.7487  400 
-8.1407  49.6036  400 
-6.33166  48.3322  400 
-5.7937  47.9397  400 
-4.52261  46.9908  400 
-3.4062  46.1307  400 
-2.71357  45.5876  400 
-1.1315  44.3216  400 
-0.904523  44.138  400 
 0.904523  42.6692  400 
 1.0985  42.5126  400 
 2.71357  41.2194  400 
 3.36051  40.7035  400 
 4.52261  39.7855  400 
 5.63941  38.8945  400 
 6.33166  38.3413  400 
 7.87758  37.0854  400 
 8.1407  36.8693  400 
 9.94975  35.3549  400 
 10.0419  35.2764  400 
 11.7588  33.7834  400 
 12.1152  33.4673  400 
 13.5678  32.1458  400 
 14.0935  31.6583  400 
 15.3769  30.4342  400 
 15.98  29.8492  400 
 17.1859  28.646  400 
 17.7862  28.0402  400 
 18.995  26.7881  400 
 19.5309  26.2312  400 
 20.804  24.883  400 
 21.2421  24.4221  400 
 22.6131  22.975  400 
 22.9593  22.6131  400 
 24.4221  21.1012  400 
 24.7088  20.804  400 
 26.2312  19.2393  400 
 26.4649  18.995  400 
 28.0402  17.3473  400 
 28.1909  17.1859  400 
 29.8492  15.3966  400 
 29.867  15.3769  400 
 31.4841  13.5678  400 
 31.6583  13.3699  400 
 33.0437  11.7588  400 
 33.4673  11.2577  400 
 34.5508  9.94975  400 
 35.2764  9.0588  400 
 36.0119  8.1407  400 
 37.0854  6.77874  400 
 37.434  6.33166  400 
 38.8243  4.52261  400 
 38.8945  4.43001  400 
 40.1959  2.71357  400 
 40.7035  2.03983  400 
 41.5682  0.904523  400 
 42.5126 -0.325721  400 
 42.9565 -0.904523  400 
 44.3216 -2.69846  400 
 44.333 -2.71357  400 
 45.6665 -4.52261  400 
 46.1307 -5.17152  400 
 46.9453 -6.33166  400 
 47.9397 -7.8002  400 
 48.165 -8.1407  400 
 49.3204 -9.94975  400 
 49.7487 -10.644  400 
 50.4184 -11.7588  400 
 51.4706 -13.5678  400 
 51.5578 -13.7211  400 
 52.4742 -15.3769  400 
 53.3668 -17.0193  400 
 53.455 -17.1859  400 
 54.4081 -18.995  400 
 55.1759 -20.4449  400 
 55.3624 -20.804  400 
 56.3166 -22.6131  400 
 56.9849 -23.8605  400 
 57.2838 -24.4221  400 
 58.2463 -26.2312  400 
 58.794 -27.268  400 
 59.1978 -28.0402  400 
 60.1262 -29.8492  400 

-40.7035 -12.918  400 
-41.9516 -11.7588  400 
-42.5126 -11.2324  400 
-43.6994 -9.94975  400 
-44.3216 -9.25042  400 
-45.1912 -8.1407  400 
-46.1307 -6.84472  400 
-46.4664 -6.33166  400 
-47.5327 -4.52261  400 
-47.9397 -3.72831  400 
-48.4301 -2.71357  400 
-49.182 -0.904523  400 
-49.7487  0.692088  400 
-49.8235  0.904523  400 
-50.3728  2.71357  400 
-50.8621  4.52261  400 
-51.3122  6.33166  400 
-51.5578  7.38675  400 
-51.7395  8.1407  400 
-52.1586  9.94975  400 
-52.5899  11.7588  400 
-53.0525  13.5678  400 
-53.3668  14.6948  400 
-53.5622  15.3769  400 
-54.1294  17.1859  400 
-54.7745  18.995  400 
-55.1759  19.9998  400 
-55.4988  20.804  400 
-56.2975  22.6131  400 
-56.9849  24.0407  400 
-57.1686  24.4221  400 
-58.0783  26.2312  400 
-58.794  27.6048  400 
-59.0184  28.0402  400 
-59.9576  29.8492  400 
-60.603  31.0887  400 
-60.8941  31.6583  400 
-61.8087  33.4673  400 
-62.4121  34.6737  400 
-62.7068  35.2764  400 
-63.5761  37.0854  400 
-64.2211  38.4429  400 
-64.4304  38.8945  400 
-65.253  40.7035  400 
-66.0302  42.4244  400 
-66.0689  42.5126  400 
-66.8449  44.3216  400 
-67.6136  46.1307  400 
-67.8392  46.6771  400 
-68.3468  47.9397  400 
-69.0526  49.7487  400 
-69.6482  51.3302  400 
-69.7321  51.5578  400 
-70.3515  53.3668  400 
-70.9331  55.1759  400 
-71.4573  56.9403  400 
-71.4704  56.9849  400 
-71.9313  58.794  400 
-72.338  60.603  400 
-72.6846  62.4121  400 
-72.9586  64.2211  400 
-73.1337  66.0302  400 
-73.1556  67.8392  400 
-72.9093  69.6482  400 
-72.1222  71.4573  400 
-71.4573  72.1814  400 
-69.6482  73.1331  400 
-69.0007  73.2663  400 
-67.8392  73.433  400 
-66.0302  73.4655  400 
-64.2211  73.3524  400 
-63.5108  73.2663  400 
-62.4121  73.1356  400 
-60.603  72.8441  400 
-58.794  72.5001  400 
-56.9849  72.1083  400 
-55.1759  71.6704  400 
-54.3907  71.4573  400 
-53.3668  71.1749  400 
-51.5578  70.6293  400 
-49.7487  70.05  400 
-48.5621  69.6482  400 
-47.9397  69.4321  400 
-46.1307  68.7726  400 
-44.3216  68.0963  400 
-43.6557  67.8392  400 
-42.5126  67.3863  400 
-40.7035  66.655  400 
-39.1826  66.0302  400 
-38.8945  65.9089  400 
-37.0854  65.1293  400 
-35.2764  64.3376  400 
-35.018  64.2211  400 
-33.4673  63.5086  400 
-31.6583  62.6563  400 
-31.1564  62.4121  400 
-29.8492  61.7656  400 
-28.0402  60.8457  400 
-27.5762  60.603  400 

 71.9891 -71.4573  400 
 71.4573 -72.0806  400 
 69.6482 -73.1179  400 
 68.988 -73.2663  400 
 67.8392 -73.4418  400 
 66.0302 -73.4872  400 
 64.2211 -73.3851  400 
 63.1729 -73.2663  400 
 62.4121 -73.1813  400 
 60.603 -72.8981  400 
 58.794 -72.5617  400 
 56.9849 -72.1771  400 
 55.1759 -71.7456  400 
 54.0962 -71.4573  400 
 53.3668 -71.259  400 
 51.5578 -70.7157  400 
 49.7487 -70.137  400 
 48.3051 -69.6482  400 
 47.9397 -69.5212  400 
 46.1307 -68.8555  400 
 44.3216 -68.1701  400 
 43.4777 -67.8392  400 
 42.5126 -67.4507  400 
 40.7035 -66.7038  400 
 39.1006 -66.0302  400 
 38.8945 -65.9415  400 
 37.0854 -65.1423  400 
 35.2764 -64.3315  400 
 35.037 -64.2211  400 
 33.4673 -63.4839  400 
 31.6583 -62.6168  400 
 31.2432 -62.4121  400 
 29.8492 -61.7139  400 
 28.0402 -60.788  400 
 27.6873 -60.603  400 
 26.2312 -59.8311  400 
 24.4221 -58.8602  400 
 24.3 -58.794  400 
 22.6131 -57.8767  400 
 20.949 -56.9849  400 
 20.804 -56.9065  400 
 18.995 -55.942  400 
 17.5493 -55.1759  400 
 17.1859 -54.9788  400 
 15.3769 -53.9895  400 
 14.2614 -53.3668  400 
 13.5678 -52.9686  400 
 11.7588 -51.9004  400 
 11.198 -51.5578  400 
 9.94975 -50.7722  400 
 8.39014 -49.7487  400 
 8.1407 -49.5804  400 
 6.33166 -48.31  400 
 5.82591 -47.9397  400 
 4.52261 -46.963  400 
 3.45239 -46.1307  400 
 2.71357 -45.5453  400 
 1.21058 -44.3216  400 
 0.904523 -44.0692  400 
-0.904523 -42.5589  400 
-0.959842 -42.5126  400 
-2.71357 -41.0492  400 
-3.12663 -40.7035  400 
-4.52261 -39.5389  400 
-5.2853 -38.8945  400 
-6.33166 -38.0036  400 
-7.39329 -37.0854  400 
-8.1407 -36.428  400 
-9.43087 -35.2764  400 
-9.94975 -34.8021  400 
-11.3938 -33.4673  400 
-11.7588 -33.1205  400 
-13.2903 -31.6583  400 
-13.5678 -31.386  400 
-15.143 -29.8492  400 
-15.3769 -29.6157  400 
-16.9908 -28.0402  400 
-17.1859 -27.8469  400 
-18.8974 -26.2312  400 
-18.995 -26.1391  400 
-20.804 -24.5721  400 
-20.9974 -24.4221  400 
-22.6131 -23.2293  400 
-23.5767 -22.6131  400 
-24.4221 -22.1118  400 
-26.2312 -21.1469  400 
-26.9134 -20.804  400 
-28.0402 -20.2697  400 
-29.8492 -19.4268  400 
-30.7538 -18.995  400 
-31.6583 -18.5792  400 
-33.4673 -17.6906  400 
-34.3994 -17.1859  400 
-35.2764 -16.7209  400 
-37.0854 -15.6279  400 
-37.4435 -15.3769  400 
-38.8945 -14.3721  400 
-39.8921 -13.5678  400 
-40.7035 -12.918  400 


# Contour 3, label:      300
 87.3945 -62.4121  300 
 87.7387 -63.1194  300 
 88.2747 -64.2211  300 
 89.1243 -66.0302  300 
 89.5477 -66.9916  300 
 89.9213 -67.8392  300 
 90.6376 -69.6482  300 
 91.2512 -71.4573  300 
 91.3568 -71.8534  300 
 91.7365 -73.2663  300 
 92.071 -75.0754  300 
 92.2346 -76.8844  300 
 92.2074 -78.6935  300 
 91.9678 -80.5025  300 
 91.4899 -82.3116  300 

 18.0526  46.1307  300 
 18.995  45.3837  300 
 20.338  44.3216  300 
 20.804  43.947  300 
 22.5824  42.5126  300 
 22.6131  42.4872  300 
 24.4221  40.9876  300 
 24.7641  40.7035  300 
 26.2312  39.4449  300 
 26.8709  38.8945  300 
 28.0402  37.8517  300 
 28.893  37.0854  300 
 29.8492  36.1923  300 
 30.8148  35.2764  300 
 31.6583  34.444  300 
 32.6235  33.4673  300 
 33.4673  32.5826  300 
 34.3203  31.6583  300 
 35.2764  30.5939  300 
 35.9215  29.8492  300 
 37.0854  28.4836  300 
 37.4501  28.0402  300 
 38.8945  26.2721  300 
 38.9269  26.2312  300 
 40.3611  24.4221  300 
 40.7035  23.9905  300 
 41.7665  22.6131  300 
 42.5126  21.6464  300 
 43.1483  20.804  300 
 44.3216  19.2518  300 
 44.5128  18.995  300 
 45.8694  17.1859  300 
 46.1307  16.8402  300 
 47.2279  15.3769  300 
 47.9397  14.4364  300 
 48.5941  13.5678  300 
 49.7487  12.0508  300 
 49.9705  11.7588  300 
 51.3558  9.94975  300 
 51.5578  9.68744  300 
 52.7449  8.1407  300 
 53.3668  7.33054  300 
 54.1286  6.33166  300 
 55.1759  4.94819  300 
 55.4941  4.52261  300 
 56.824  2.71357  300 
 56.9849  2.4882  300 
 58.0913  0.904523  300 
 58.794 -0.160646  300 
 59.2645 -0.904523  300 
 60.3269 -2.71357  300 
 60.603 -3.20786  300 
 61.3138 -4.52261  300 
 62.2589 -6.33166  300 
 62.4121 -6.63227  300 
 63.1674 -8.1407  300 
 64.0563 -9.94975  300 
 64.2211 -10.2889  300 
 64.9287 -11.7588  300 
 65.7956 -13.5678  300 
 66.0302 -14.0562  300 
 66.66 -15.3769  300 
 67.528 -17.1859  300 
 67.8392 -17.829  300 
 68.3961 -18.995  300 
 69.2609 -20.804  300 
 69.6482 -21.6167  300 
 70.1136 -22.6131  300 
 70.9484 -24.4221  300 
 71.4573 -25.5427  300 
 71.7625 -26.2312  300 
 72.5528 -28.0402  300 
 73.2663 -29.7048  300 
 73.3268 -29.8492  300 
 74.0791 -31.6583  300 
 74.8221 -33.4673  300 
 75.0754 -34.0857  300 
 75.5541 -35.2764  300 
 76.2813 -37.0854  300 
 76.8844 -38.5787  300 
 77.0104 -38.8945  300 
 77.7424 -40.7035  300 
 78.4883 -42.5126  300 
 78.6935 -43.0041  300 
 79.2431 -44.3216  300 
 80.0049 -46.1307  300 
 80.5025 -47.3044  300 
 80.7732 -47.9397  300 
 81.5466 -49.7487  300 
 82.3116 -51.5173  300 
 82.3293 -51.5578  300 
 83.122 -53.3668  300 
 83.9322 -55.1759  300 
 84.1206 -55.5905  300 
 84.7641 -56.9849  300 
 85.6237 -58.794  300 
 85.9296 -59.425  300 
 86.5042 -60.603  300 
 87.3945 -62.4121  300 

-90.8554  71.4573  300 
-91.3568  73.2633  300 
-91.7269  75.0754  300 
-91.9412  76.8844  300 
-91.9799  78.6935  300 
-91.8204  80.5025  300 
-91.4362  82.3116  300 
-91.3568  82.5468  300 
-90.784  84.1206  300 
-89.8154  85.9296  300 
-89.5477  86.3158  300 
-88.4112  87.7387  300 
-87.7387  88.4172  300 
-86.3653  89.5477  300 
-85.9296  89.8568  300 
-84.1206  90.8619  300 
-82.8611  91.3568  300 
-82.3116  91.5562  300 
-80.5025  91.99  300 
-78.6935  92.2064  300 
-76.8844  92.2308  300 
-75.0754  92.0839  300 
-73.2663  91.7844  300 
-71.4777  91.3568  300 
-71.4573  91.352  300 
-69.6482  90.8067  300 
-67.8392  90.1744  300 
-66.21  89.5477  300 
-66.0302  89.4786  300 
-64.2211  88.7367  300 
-62.4121  87.9772  300 
-61.851  87.7387  300 
-60.603  87.2083  300 
-58.794  86.4487  300 
-57.5341  85.9296  300 
-56.9849  85.7046  300 
-55.1759  84.9765  300 
-53.3668  84.2646  300 
-52.9998  84.1206  300 
-51.5578  83.5601  300 
-49.7487  82.8611  300 
-48.3255  82.3116  300 
-47.9397  82.1632  300 
-46.1307  81.4641  300 
-44.3216  80.7645  300 
-43.6453  80.5025  300 
-42.5126  80.0632  300 
-40.7035  79.3645  300 
-38.946  78.6935  300 
-38.8945  78.6737  300 
-37.0854  77.9842  300 
-35.2764  77.2928  300 
-34.2136  76.8844  300 
-33.4673  76.593  300 
-31.6583  75.8806  300 
-29.8492  75.1564  300 
-29.6491  75.0754  300 
-28.0402  74.4092  300 
-26.2312  73.6423  300 
-25.3632  73.2663  300 
-24.4221  72.8485  300 
-22.6131  72.0268  300 
-21.388  71.4573  300 
-20.804  71.18  300 
-18.995  70.3103  300 
-17.6327  69.6482  300 
-17.1859  69.4279  300 
-15.3769  68.5353  300 
-13.9693  67.8392  300 
-13.5678  67.639  300 
-11.7588  66.7353  300 
-10.358  66.0302  300 
-9.94975  65.823  300 
-8.1407  64.8935  300 
-6.85735  64.2211  300 
-6.33166  63.942  300 
-4.52261  62.9571  300 
-3.55387  62.4121  300 
-2.71357  61.9286  300 
-0.904523  60.8411  300 
-0.532613  60.603  300 
 0.904523  59.6404  300 
 2.08735  58.794  300 
 2.71357  58.3302  300 
 4.47332  56.9849  300 
 4.52261  56.9465  300 
 6.33166  55.5131  300 
 6.75296  55.1759  300 
 8.1407  54.0555  300 
 8.99205  53.3668  300 
 9.94975  52.5897  300 
 11.2269  51.5578  300 
 11.7588  51.1279  300 
 13.4788  49.7487  300 
 13.5678  49.6773  300 
 15.3769  48.2398  300 
 15.7583  47.9397  300 
 17.1859  46.8111  300 
 18.0526  46.1307  300 

-24.5144 -40.7035  300 
-26.2312 -39.2599  300 
-26.671 -38.8945  300 
-28.0402 -37.7593  300 
-28.8638 -37.0854  300 
-29.8492 -36.2893  300 
-31.1135 -35.2764  300 
-31.6583 -34.8494  300 
-33.4181 -33.4673  300 
-33.4673 -33.4298  300 
-35.2764 -32.0242  300 
-35.732 -31.6583  300 
-37.0854 -30.6037  300 
-38.0044 -29.8492  300 
-38.8945 -29.1393  300 
-40.1774 -28.0402  300 
-40.7035 -27.5997  300 
-42.2005 -26.2312  300 
-42.5126 -25.9491  300 
-44.046 -24.4221  300 
-44.3216 -24.1465  300 
-45.7185 -22.6131  300 
-46.1307 -22.1537  300 
-47.2467 -20.804  300 
-47.9397 -19.95  300 
-48.663 -18.995  300 
-49.7487 -17.5308  300 
-49.9907 -17.1859  300 
-51.2381 -15.3769  300 
-51.5578 -14.9002  300 
-52.4186 -13.5678  300 
-53.3668 -12.0258  300 
-53.5279 -11.7588  300 
-54.5652 -9.94975  300 
-55.1759 -8.79603  300 
-55.5227 -8.1407  300 
-56.4062 -6.33166  300 
-56.9849 -5.0301  300 
-57.2159 -4.52261  300 
-57.9815 -2.71357  300 
-58.7022 -0.904523  300 
-58.794 -0.677017  300 
-59.4802  0.904523  300 
-60.2999  2.71357  300 
-60.603  3.38358  300 
-61.1568  4.52261  300 
-62.0152  6.33166  300 
-62.4121  7.18706  300 
-62.8787  8.1407  300 
-63.7436  9.94975  300 
-64.2211  10.9622  300 
-64.6116  11.7588  300 
-65.4879  13.5678  300 
-66.0302  14.6882  300 
-66.3713  15.3769  300 
-67.2653  17.1859  300 
-67.8392  18.3441  300 
-68.1635  18.995  300 
-69.0595  20.804  300 
-69.6482  22.004  300 
-69.9439  22.6131  300 
-70.8074  24.4221  300 
-71.4573  25.814  300 
-71.6479  26.2312  300 
-72.4601  28.0402  300 
-73.2526  29.8492  300 
-73.2663  29.8808  300 
-74.0197  31.6583  300 
-74.7745  33.4673  300 
-75.0754  34.1918  300 
-75.5165  35.2764  300 
-76.2516  37.0854  300 
-76.8844  38.6355  300 
-76.9886  38.8945  300 
-77.7303  40.7035  300 
-78.4892  42.5126  300 
-78.6935  42.992  300 
-79.2588  44.3216  300 
-80.0336  46.1307  300 
-80.5025  47.2218  300 
-80.8111  47.9397  300 
-81.5879  49.7487  300 
-82.3116  51.4278  300 
-82.3678  51.5578  300 
-83.1476  53.3668  300 
-83.9353  55.1759  300 
-84.1206  55.5997  300 
-84.7302  56.9849  300 
-85.5384  58.794  300 
-85.9296  59.6598  300 
-86.357  60.603  300 
-87.1787  62.4121  300 
-87.7387  63.651  300 
-87.9969  64.2211  300 
-88.7906  66.0302  300 
-89.5477  67.8332  300 
-89.5503  67.8392  300 
-90.2445  69.6482  300 
-90.8554  71.4573  300 

 91.4899 -82.3116  300 
 91.3568 -82.6477  300 
 90.7325 -84.1206  300 
 89.6501 -85.9296  300 
 89.5477 -86.0661  300 
 88.1179 -87.7387  300 
 87.7387 -88.1047  300 
 85.93 -89.5477  300 
 84.1206 -90.5718  300 
 82.3116 -91.3012  300 
 82.1081 -91.3568  300 
 80.5025 -91.7717  300 
 78.6935 -92.0249  300 
 76.8844 -92.086  300 
 75.0754 -91.9756  300 
 73.2663 -91.7131  300 
 71.6352 -91.3568  300 
 71.4573 -91.3181  300 
 69.6482 -90.8105  300 
 67.8392 -90.2163  300 
 66.0302 -89.5597  300 
 65.9994 -89.5477  300 
 64.2211 -88.8545  300 
 62.4121 -88.1312  300 
 61.4404 -87.7387  300 
 60.603 -87.3988  300 
 58.794 -86.6702  300 
 56.9849 -85.9574  300 
 56.9137 -85.9296  300 
 55.1759 -85.253  300 
 53.3668 -84.5626  300 
 52.2003 -84.1206  300 
 51.5578 -83.878  300 
 49.7487 -83.1941  300 
 47.9397 -82.5101  300 
 47.4188 -82.3116  300 
 46.1307 -81.82  300 
 44.3216 -81.1252  300 
 42.7113 -80.5025  300 
 42.5126 -80.4252  300 
 40.7035 -79.7174  300 
 38.8945 -79.0084  300 
 38.0931 -78.6935  300 
 37.0854 -78.2929  300 
 35.2764 -77.5686  300 
 33.5854 -76.8844  300 
 33.4673 -76.8359  300 
 31.6583 -76.0862  300 
 29.8492 -75.3258  300 
 29.2597 -75.0754  300 
 28.0402 -74.5465  300 
 26.2312 -73.7504  300 
 25.1476 -73.2663  300 
 24.4221 -72.935  300 
 22.6131 -72.0989  300 
 21.2439 -71.4573  300 
 20.804 -71.2471  300 
 18.995 -70.3795  300 
 17.4762 -69.6482  300 
 17.1859 -69.5065  300 
 15.3769 -68.6265  300 
 13.7557 -67.8392  300 
 13.5678 -67.7471  300 
 11.7588 -66.8609  300 
 10.0725 -66.0302  300 
 9.94975 -65.969  300 
 8.1407 -65.0594  300 
 6.50541 -64.2211  300 
 6.33166 -64.1306  300 
 4.52261 -63.1657  300 
 3.15882 -62.4121  300 
 2.71357 -62.1597  300 
 0.904523 -61.0868  300 
 0.144232 -60.603  300 
-0.904523 -59.9009  300 
-2.44263 -58.794  300 
-2.71357 -58.5912  300 
-4.52261 -57.1903  300 
-4.7819 -56.9849  300 
-6.33166 -55.7318  300 
-7.01079 -55.1759  300 
-8.1407 -54.2397  300 
-9.1902 -53.3668  300 
-9.94975 -52.7314  300 
-11.3562 -51.5578  300 
-11.7588 -51.2211  300 
-13.5317 -49.7487  300 
-13.5678 -49.7187  300 
-15.3769 -48.2282  300 
-15.7303 -47.9397  300 
-17.1859 -46.7485  300 
-17.9462 -46.1307  300 
-18.995 -45.2743  300 
-20.1641 -44.3216  300 
-20.804 -43.7955  300 
-22.3578 -42.5126  300 
-22.6131 -42.2983  300 
-24.4221 -40.7805  300 
-24.5144 -40.7035  300 


# Contour 4, label:      200
 56.9849  26.4443  200 
 57.1206  26.2312  200 
 58.2795  24.4221  200 
 58.794  23.6191  200 
 59.4411  22.6131  200 
 60.603  20.8172  200 
 60.6116  20.804  200 
 61.8406  18.995  200 
 62.4121  18.1673  200 
 63.0815  17.1859  200 
 64.2211  15.5128  200 
 64.3118  15.3769  200 
 65.5249  13.5678  200 
 66.0302  12.8039  200 
 66.7046  11.7588  200 
 67.8392  9.95648  200 
 67.8433  9.94975  200 
 68.9428  8.1407  200 
 69.6482  6.9348  200 
 69.9936  6.33166  200 
 70.9991  4.52261  200 
 71.4573  3.66792  200 
 71.9613  2.71357  200 
 72.8836  0.904523  200 
 73.2663  0.130891  200 
 73.7739 -0.904523  200 
 74.6364 -2.71357  200 
 75.0754 -3.65466  200 
 75.4778 -4.52261  200 
 76.3022 -6.33166  200 
 76.8844 -7.63075  200 
 77.1116 -8.1407  200 
 77.91 -9.94975  200 
 78.6935 -11.7544  200 
 78.6954 -11.7588  200 
 79.4698 -13.5678  200 
 80.2288 -15.3769  200 
 80.5025 -16.0386  200 
 80.9686 -17.1859  200 
 81.6794 -18.995  200 
 82.3116 -20.6913  200 
 82.353 -20.804  200 
 82.9973 -22.6131  200 
 83.6252 -24.4221  200 
 84.1206 -25.8656  200 
 84.2457 -26.2312  200 
 84.8671 -28.0402  200 
 85.4901 -29.8492  200 
 85.9296 -31.1106  200 
 86.1213 -31.6583  200 
 86.768 -33.4673  200 
 87.4292 -35.2764  200 
 87.7387 -36.0968  200 
 88.1155 -37.0854  200 
 88.8303 -38.8945  200 
 89.5477 -40.6433  200 
 89.5729 -40.7035  200 
 90.3605 -42.5126  200 
 91.1797 -44.3216  200 
 91.3568 -44.6995  200 
 92.0479 -46.1307  200 
 92.9484 -47.9397  200 
 93.1658 -48.3675  200 
 93.8955 -49.7487  200 
 94.8643 -51.5578  200 
 94.9749 -51.7632  200 
 95.8765 -53.3668  200 
 96.7839 -54.9853  200 
 96.8964 -55.1759  200 
 97.956 -56.9849  200 
 98.593 -58.0816  200 
 99.0353 -58.794  200 
 100.174 -60.603  200 
 100.402 -60.9569  200 
 101.422 -62.4121  200 
 102.211 -63.586  200 
 102.668 -64.2211  200 
 103.875 -66.0302  200 
 104.02 -66.2685  200 
 105.034 -67.8392  200 
 105.829 -69.2388  200 
 106.077 -69.6482  200 
 107.021 -71.4573  200 
 107.638 -72.8745  200 
 107.821 -73.2663  200 
 108.499 -75.0754  200 
 109.014 -76.8844  200 
 109.367 -78.6935  200 
 109.447 -79.4515  200 
 109.568 -80.5025  200 
 109.598 -82.3116  200 
 109.448 -84.1206  200 

-51.5578  96.1928  200 
-49.7487  95.3611  200 
-48.9083  94.9749  200 
-47.9397  94.5473  200 
-46.1307  93.7548  200 
-44.7666  93.1658  200 
-44.3216  92.9799  200 
-42.5126  92.2398  200 
-40.7035  91.5179  200 
-40.2878  91.3568  200 
-38.8945  90.8276  200 
-37.0854  90.1569  200 
-35.4109  89.5477  200 
-35.2764  89.4995  200 
-33.4673  88.8641  200 
-31.6583  88.2352  200 
-30.2203  87.7387  200 
-29.8492  87.6117  200 
-28.0402  86.9977  200 
-26.2312  86.3816  200 
-24.9125  85.9296  200 
-24.4221  85.762  200 
-22.6131  85.1382  200 
-20.804  84.4979  200 
-19.7722  84.1206  200 
-18.995  83.8344  200 
-17.1859  83.1421  200 
-15.3769  82.4181  200 
-15.1159  82.3116  200 
-13.5678  81.6701  200 
-11.7588  80.9013  200 
-10.8364  80.5025  200 
-9.94975  80.1147  200 
-8.1407  79.3126  200 
-6.77193  78.6935  200 
-6.33166  78.4925  200 
-4.52261  77.6573  200 
-2.89309  76.8844  200 
-2.71357  76.7985  200 
-0.904523  75.9212  200 
 0.778026  75.0754  200 
 0.904523  75.0111  200 
 2.71357  74.0726  200 
 4.20156  73.2663  200 
 4.52261  73.0895  200 
 6.33166  72.0655  200 
 7.36472  71.4573  200 
 8.1407  70.9903  200 
 9.94975  69.8641  200 
 10.2895  69.6482  200 
 11.7588  68.6901  200 
 13.026  67.8392  200 
 13.5678  67.4654  200 
 15.3769  66.1969  200 
 15.6141  66.0302  200 
 17.1859  64.8966  200 
 18.1163  64.2211  200 
 18.995  63.571  200 
 20.5726  62.4121  200 
 20.804  62.2414  200 
 22.6131  60.9494  200 
 23.1049  60.603  200 
 24.4221  59.6856  200 
 25.6922  58.794  200 
 26.2312  58.419  200 
 28.0402  57.1496  200 
 28.2736  56.9849  200 
 29.8492  55.8861  200 
 30.8536  55.1759  200 
 31.6583  54.6133  200 
 33.4262  53.3668  200 
 33.4673  53.338  200 
 35.2764  52.0815  200 
 36.0248  51.5578  200 
 37.0854  50.8102  200 
 38.5573  49.7487  200 
 38.8945  49.5002  200 
 40.7035  48.116  200 
 40.9229  47.9397  200 
 42.5126  46.5981  200 
 43.0255  46.1307  200 
 44.3216  44.8669  200 
 44.8389  44.3216  200 
 46.1307  42.8437  200 
 46.4019  42.5126  200 
 47.7803  40.7035  200 
 47.9397  40.4819  200 
 49.0418  38.8945  200 
 49.7487  37.8263  200 
 50.2284  37.0854  200 
 51.3787  35.2764  200 
 51.5578  34.9951  200 
 52.5266  33.4673  200 
 53.3668  32.1347  200 
 53.6684  31.6583  200 
 54.8179  29.8492  200 
 55.1759  29.2869  200 
 55.9734  28.0402  200 
 56.9849  26.4443  200 

-84.8703  28.0402  200 
-85.488  29.8492  200 
-85.9296  31.1307  200 
-86.1121  31.6583  200 
-86.7502  33.4673  200 
-87.4012  35.2764  200 
-87.7387  36.1869  200 
-88.0747  37.0854  200 
-88.7738  38.8945  200 
-89.4952  40.7035  200 
-89.5477  40.8307  200 
-90.2529  42.5126  200 
-91.0335  44.3216  200 
-91.3568  45.0521  200 
-91.8458  46.1307  200 
-92.6818  47.9397  200 
-93.1658  48.974  200 
-93.5403  49.7487  200 
-94.4197  51.5578  200 
-94.9749  52.6989  200 
-95.3127  53.3668  200 
-96.2257  55.1759  200 
-96.7839  56.2841  200 
-97.1544  56.9849  200 
-98.1162  58.794  200 
-98.593  59.6632  200 
-99.1513  60.603  200 
-100.285  62.4121  200 
-100.402  62.5996  200 
-101.51  64.2211  200 
-102.211  65.2988  200 
-102.725  66.0302  200 
-103.905  67.8392  200 
-104.02  68.0323  200 
-105.054  69.6482  200 
-105.829  71.01  200 
-106.104  71.4573  200 
-107.071  73.2663  200 
-107.638  74.5239  200 
-107.909  75.0754  200 
-108.627  76.8844  200 
-109.176  78.6935  200 
-109.447  80.004  200 
-109.56  80.5025  200 
-109.771  82.3116  200 
-109.784  84.1206  200 
-109.596  85.9296  200 
-109.447  86.6233  200 
-109.216  87.7387  200 
-108.642  89.5477  200 
-107.855  91.3568  200 
-107.638  91.7568  200 
-106.875  93.1658  200 
-105.829  94.7439  200 
-105.674  94.9749  200 
-104.259  96.7839  200 
-104.02  97.0553  200 
-102.615  98.593  200 
-102.211  98.9972  200 
-100.747  100.402  200 
-100.402  100.717  200 
-98.7057  102.211  200 
-98.593  102.305  200 
-96.7839  103.727  200 
-96.3704  104.02  200 
-94.9749  104.973  200 
-93.5359  105.829  200 
-93.1658  106.045  200 
-91.3568  106.959  200 
-89.709  107.638  200 
-89.5477  107.705  200 
-87.7387  108.308  200 
-85.9296  108.749  200 
-84.1206  109.029  200 
-82.3116  109.153  200 
-80.5025  109.122  200 
-78.6935  108.939  200 
-76.8844  108.605  200 
-75.0754  108.122  200 
-73.686  107.638  200 
-73.2663  107.501  200 
-71.4573  106.774  200 
-69.6482  105.91  200 
-69.4998  105.829  200 
-67.8392  104.975  200 
-66.1898  104.02  200 
-66.0302  103.933  200 
-64.2211  102.861  200 
-63.1928  102.211  200 
-62.4121  101.75  200 
-60.603  100.653  200 
-60.172  100.402  200 
-58.794  99.6758  200 
-56.9849  98.7586  200 
-56.6557  98.593  200 
-55.1759  97.894  200 
-53.3668  97.0318  200 
-52.8501  96.7839  200 
-51.5578  96.1928  200 

-6.33166 -72.3972  200 
-7.94811 -71.4573  200 
-8.1407 -71.3426  200 
-9.94975 -70.239  200 
-10.8844 -69.6482  200 
-11.7588 -69.0793  200 
-13.5678 -67.865  200 
-13.6061 -67.8392  200 
-15.3769 -66.6066  200 
-16.1903 -66.0302  200 
-17.1859 -65.3035  200 
-18.6564 -64.2211  200 
-18.995 -63.9658  200 
-20.804 -62.6178  200 
-21.0858 -62.4121  200 
-22.6131 -61.293  200 
-23.562 -60.603  200 
-24.4221 -59.9796  200 
-26.044 -58.794  200 
-26.2312 -58.6573  200 
-28.0402 -57.3316  200 
-28.5072 -56.9849  200 
-29.8492 -55.9898  200 
-30.9298 -55.1759  200 
-31.6583 -54.6284  200 
-33.3178 -53.3668  200 
-33.4673 -53.2532  200 
-35.2764 -51.8807  200 
-35.7001 -51.5578  200 
-37.0854 -50.4934  200 
-38.0392 -49.7487  200 
-38.8945 -49.0705  200 
-40.2806 -47.9397  200 
-40.7035 -47.5875  200 
-42.3821 -46.1307  200 
-42.5126 -46.0147  200 
-44.3207 -44.3216  200 
-46.095 -42.5126  200 
-46.1307 -42.4753  200 
-47.7198 -40.7035  200 
-47.9397 -40.4517  200 
-49.2171 -38.8945  200 
-49.7487 -38.2286  200 
-50.6097 -37.0854  200 
-51.5578 -35.7892  200 
-51.9146 -35.2764  200 
-53.1463 -33.4673  200 
-53.3668 -33.1376  200 
-54.3185 -31.6583  200 
-55.1759 -30.2569  200 
-55.4185 -29.8492  200 
-56.467 -28.0402  200 
-56.9849 -27.1042  200 
-57.462 -26.2312  200 
-58.4159 -24.4221  200 
-58.794 -23.6901  200 
-59.3601 -22.6131  200 
-60.3137 -20.804  200 
-60.603 -20.295  200 
-61.3881 -18.995  200 
-62.4121 -17.332  200 
-62.5043 -17.1859  200 
-63.6457 -15.3769  200 
-64.2211 -14.419  200 
-64.7455 -13.5678  200 
-65.8084 -11.7588  200 
-66.0302 -11.366  200 
-66.8572 -9.94975  200 
-67.8392 -8.18609  200 
-67.8653 -8.1407  200 
-68.8916 -6.33166  200 
-69.6482 -4.96513  200 
-69.9009 -4.52261  200 
-70.9257 -2.71357  200 
-71.4573 -1.7636  200 
-71.9467 -0.904523  200 
-72.958  0.904523  200 
-73.2663  1.46689  200 
-73.9503  2.71357  200 
-74.9081  4.52261  200 
-75.0754  4.84467  200 
-75.8378  6.33166  200 
-76.7372  8.1407  200 
-76.8844  8.43973  200 
-77.6148  9.94975  200 
-78.4715  11.7588  200 
-78.6935  12.2316  200 
-79.3079  13.5678  200 
-80.122  15.3769  200 
-80.5025  16.2406  200 
-80.9077  17.1859  200 
-81.6527  18.995  200 
-82.3116  20.7087  200 
-82.3475  20.804  200 
-83.0009  22.6131  200 
-83.6323  24.4221  200 
-84.1206  25.8449  200 
-84.2525  26.2312  200 
-84.8703  28.0402  200 

 109.448 -84.1206  200 
 109.447 -84.1257  200 
 109.128 -85.9296  200 
 108.617 -87.7387  200 
 107.894 -89.5477  200 
 107.638 -90.0535  200 
 106.975 -91.3568  200 
 105.829 -93.1471  200 
 105.817 -93.1658  200 
 104.439 -94.9749  200 
 104.02 -95.4529  200 
 102.808 -96.7839  200 
 102.211 -97.3761  200 
 100.94 -98.593  200 
 100.402 -99.0831  200 
 98.961 -100.402  200 
 98.593 -100.739  200 
 96.9074 -102.211  200 
 96.7839 -102.315  200 
 94.9749 -103.717  200 
 94.5282 -104.02  200 
 93.1658 -104.921  200 
 91.5212 -105.829  200 
 91.3568 -105.919  200 
 89.5477 -106.748  200 
 87.7387 -107.385  200 
 86.758 -107.638  200 
 85.9296 -107.856  200 
 84.1206 -108.169  200 
 82.3116 -108.318  200 
 80.5025 -108.312  200 
 78.6935 -108.156  200 
 76.8844 -107.854  200 
 76.0089 -107.638  200 
 75.0754 -107.424  200 
 73.2663 -106.876  200 
 71.4573 -106.197  200 
 70.6301 -105.829  200 
 69.6482 -105.419  200 
 67.8392 -104.548  200 
 66.8595 -104.02  200 
 66.0302 -103.599  200 
 64.2211 -102.596  200 
 63.5669 -102.211  200 
 62.4121 -101.575  200 
 60.603 -100.553  200 
 60.3236 -100.402  200 
 58.794 -99.654  200 
 56.9849 -98.8073  200 
 56.5226 -98.593  200 
 55.1759 -98.0046  200 
 53.3668 -97.2075  200 
 52.414 -96.7839  200 
 51.5578 -96.4192  200 
 49.7487 -95.6432  200 
 48.1989 -94.9749  200 
 47.9397 -94.8669  200 
 46.1307 -94.1151  200 
 44.3216 -93.3677  200 
 43.8266 -93.1658  200 
 42.5126 -92.6438  200 
 40.7035 -91.9355  200 
 39.204 -91.3568  200 
 38.8945 -91.2393  200 
 37.0854 -90.5633  200 
 35.2764 -89.8924  200 
 34.3395 -89.5477  200 
 33.4673 -89.2299  200 
 31.6583 -88.5746  200 
 29.8492 -87.9182  200 
 29.3525 -87.7387  200 
 28.0402 -87.2666  200 
 26.2312 -86.6141  200 
 24.4221 -85.9557  200 
 24.3507 -85.9296  200 
 22.6131 -85.2964  200 
 20.804 -84.6254  200 
 19.4727 -84.1206  200 
 18.995 -83.9383  200 
 17.1859 -83.234  200 
 15.3769 -82.5078  200 
 14.8948 -82.3116  200 
 13.5678 -81.7657  200 
 11.7588 -81.0085  200 
 10.5692 -80.5025  200 
 9.94975 -80.2367  200 
 8.1407 -79.4534  200 
 6.42459 -78.6935  200 
 6.33166 -78.652  200 
 4.52261 -77.8393  200 
 2.71357 -77.0032  200 
 2.46007 -76.8844  200 
 0.904523 -76.15  200 
-0.904523 -75.2665  200 
-1.28709 -75.0754  200 
-2.71357 -74.3535  200 
-4.52261 -73.3962  200 
-4.7617 -73.2663  200 
-6.33166 -72.3972  200 


# Contour 5, label:      100
-180 -88.0742  100 
-179.542 -87.7387  100 
-178.191 -86.4958  100 
-177.673 -85.9296  100 
-176.499 -84.1206  100 
-176.382 -83.8137  100 
-175.881 -82.3116  100 
-175.709 -80.5025  100 
-175.956 -78.6935  100 
-176.382 -77.5142  100 
-176.632 -76.8844  100 
-177.771 -75.0754  100 
-178.191 -74.5714  100 
-179.425 -73.2663  100 
-180 -72.7572  100 

 180  74.0262  100 
 178.892  75.0754  100 
 178.191  75.9377  100 
 177.507  76.8844  100 
 176.715  78.6935  100 
 176.51  80.5025  100 
 176.919  82.3116  100 
 177.955  84.1206  100 
 178.191  84.3863  100 
 179.787  85.9296  100 
 180  86.0872  100 

-94.9749  139.61  100 
-96.7839  138.499  100 
-96.946  138.392  100 
-98.593  137.338  100 
-99.7027  136.583  100 
-100.402  136.118  100 
-102.211  134.85  100 
-102.315  134.774  100 
-104.02  133.544  100 
-104.788  132.965  100 
-105.829  132.188  100 
-107.156  131.156  100 
-107.638  130.784  100 
-109.433  129.347  100 
-109.447  129.335  100 
-111.256  127.858  100 
-111.637  127.538  100 
-113.065  126.349  100 
-113.792  125.729  100 
-114.874  124.817  100 
-115.925  123.92  100 
-116.683  123.282  100 
-118.076  122.111  100 
-118.492  121.769  100 
-120.302  120.322  100 
-120.329  120.302  100 
-122.111  119.031  100 
-122.891  118.492  100 
-123.92  117.793  100 
-125.571  116.683  100 
-125.729  116.577  100 
-127.538  115.371  100 
-128.285  114.874  100 
-129.347  114.152  100 
-130.932  113.065  100 
-131.156  112.907  100 
-132.965  111.621  100 
-133.474  111.256  100 
-134.774  110.284  100 
-135.882  109.447  100 
-136.583  108.894  100 
-138.172  107.638  100 
-138.392  107.456  100 
-140.201  105.982  100 
-140.394  105.829  100 
-142.01  104.494  100 
-142.607  104.02  100 
-143.819  103.022  100 
-144.852  102.211  100 
-145.628  101.576  100 
-147.128  100.402  100 
-147.437  100.146  100 
-149.246  98.7168  100 
-149.412  98.593  100 
-151.055  97.2636  100 
-151.688  96.7839  100 
-152.864  95.7941  100 
-153.92  94.9749  100 
-154.673  94.3079  100 
-156.104  93.1658  100 
-156.482  92.8081  100 
-158.236  91.3568  100 
-158.291  91.2991  100 
-160.101  89.7326  100 
-160.366  89.5477  100 
-161.91  88.1357  100 
-162.493  87.7387  100 
-163.719  86.5539  100 
-164.71  85.9296  100 
-165.528  85.0977  100 
-167.337  84.1796  100 
-167.749  84.1206  100 
-169.146  83.7171  100 
-170.955  84.1122  100 
-170.972  84.1206  100 
-172.764  84.5332  100 
-174.573  85.0374  100 
-176.382  85.5094  100 
-178.191  85.8615  100 
-178.847  85.9296  100 
-180  86.0184  100 

 20.804  88.2834  100 
 18.995  88.4287  100 
 17.1859  88.666  100 
 15.3769  88.9729  100 
 13.5678  89.3298  100 
 12.5864  89.5477  100 
 11.7588  89.7291  100 
 9.94975  90.1625  100 
 8.1407  90.612  100 
 6.33166  91.0722  100 
 5.25224  91.3568  100 
 4.52261  91.549  100 
 2.71357  92.0457  100 
 0.904523  92.5491  100 
-0.904523  93.0601  100 
-1.26355  93.1658  100 
-2.71357  93.5989  100 
-4.52261  94.1467  100 
-6.33166  94.6921  100 
-7.27067  94.9749  100 
-8.1407  95.2439  100 
-9.94975  95.798  100 
-11.7588  96.335  100 
-13.3142  96.7839  100 
-13.5678  96.8596  100 
-15.3769  97.3976  100 
-17.1859  97.9241  100 
-18.995  98.4479  100 
-19.4742  98.593  100 
-20.804  99.0167  100 
-22.6131  99.6192  100 
-24.4221  100.23  100 
-24.9225  100.402  100 
-26.2312  100.877  100 
-28.0402  101.537  100 
-29.8492  102.198  100 
-29.8839  102.211  100 
-31.6583  102.918  100 
-33.4673  103.652  100 
-34.3395  104.02  100 
-35.2764  104.444  100 
-37.0854  105.306  100 
-38.119  105.829  100 
-38.8945  106.251  100 
-40.7035  107.294  100 
-41.2705  107.638  100 
-42.5126  108.448  100 
-43.9805  109.447  100 
-44.3216  109.697  100 
-46.1307  111.078  100 
-46.3574  111.256  100 
-47.9397  112.609  100 
-48.4586  113.065  100 
-49.7487  114.298  100 
-50.34  114.874  100 
-51.5578  116.163  100 
-52.0453  116.683  100 
-53.3668  118.206  100 
-53.6163  118.492  100 
-55.0909  120.302  100 
-55.1759  120.412  100 
-56.5109  122.111  100 
-56.9849  122.742  100 
-57.9073  123.92  100 
-58.794  125.102  100 
-59.2913  125.729  100 
-60.603  127.458  100 
-60.6675  127.538  100 
-62.0642  129.347  100 
-62.4121  129.818  100 
-63.4881  131.156  100 
-64.2211  132.101  100 
-64.9613  132.965  100 
-66.0302  134.247  100 
-66.5226  134.774  100 
-67.8392  136.212  100 
-68.2259  136.583  100 
-69.6482  137.973  100 
-70.1442  138.392  100 
-71.4573  139.52  100 
-72.3936  140.201  100 
-73.2663  140.845  100 
-75.0754  141.932  100 
-75.2413  142.01  100 
-76.8844  142.793  100 
-78.6935  143.394  100 
-80.5025  143.74  100 
-81.7945  143.819  100 
-82.3116  143.852  100 
-82.8684  143.819  100 
-84.1206  143.748  100 
-85.9296  143.449  100 
-87.7387  142.97  100 
-89.5477  142.323  100 
-90.253  142.01  100 
-91.3568  141.538  100 
-93.1658  140.626  100 
-93.9071  140.201  100 
-94.9749  139.61  100 

 126.111  102.211  100 
 125.729  102.522  100 
 123.945  104.02  100 
 123.92  104.04  100 
 122.111  105.511  100 
 121.725  105.829  100 
 120.302  106.954  100 
 119.446  107.638  100 
 118.492  108.376  100 
 117.121  109.447  100 
 116.683  109.781  100 
 114.874  111.17  100 
 114.763  111.256  100 
 113.065  112.547  100 
 112.38  113.065  100 
 111.256  113.914  100 
 109.967  114.874  100 
 109.447  115.265  100 
 107.638  116.597  100 
 107.518  116.683  100 
 105.829  117.919  100 
 105.021  118.492  100 
 104.02  119.226  100 
 102.511  120.302  100 
 102.211  120.527  100 
 100.402  121.869  100 
 100.077  122.111  100 
 98.593  123.261  100 
 97.7116  123.92  100 
 96.7839  124.636  100 
 95.2687  125.729  100 
 94.9749  125.947  100 
 93.1658  127.173  100 
 92.5627  127.538  100 
 91.3568  128.285  100 
 89.5477  129.255  100 
 89.3468  129.347  100 
 87.7387  130.096  100 
 85.9296  130.777  100 
 84.6122  131.156  100 
 84.1206  131.301  100 
 82.3116  131.671  100 
 80.5025  131.871  100 
 78.6935  131.897  100 
 76.8844  131.749  100 
 75.0754  131.425  100 
 74.1068  131.156  100 
 73.2663  130.928  100 
 71.4573  130.262  100 
 69.6482  129.41  100 
 69.537  129.347  100 
 67.8392  128.395  100 
 66.5512  127.538  100 
 66.0302  127.194  100 
 64.2211  125.819  100 
 64.1158  125.729  100 
 62.4121  124.278  100 
 62.0355  123.92  100 
 60.603  122.565  100 
 60.1679  122.111  100 
 58.794  120.676  100 
 58.465  120.302  100 
 56.9849  118.612  100 
 56.8865  118.492  100 
 55.3883  116.683  100 
 55.1759  116.43  100 
 53.9332  114.874  100 
 53.3668  114.175  100 
 52.4977  113.065  100 
 51.5578  111.884  100 
 51.0693  111.256  100 
 49.7487  109.586  100 
 49.64  109.447  100 
 48.2045  107.638  100 
 47.9397  107.308  100 
 46.7546  105.829  100 
 46.1307  105.056  100 
 45.2867  104.02  100 
 44.3216  102.841  100 
 43.7959  102.211  100 
 42.5126  100.679  100 
 42.2732  100.402  100 
 40.7045  98.593  100 
 39.0542  96.7839  100 
 38.8945  96.6111  100 
 37.2736  94.9749  100 
 37.0854  94.7893  100 
 35.2764  93.17  100 
 35.2712  93.1658  100 
 33.4673  91.7844  100 
 32.8112  91.3568  100 
 31.6583  90.6456  100 
 29.8492  89.7492  100 
 29.3266  89.5477  100 
 28.0402  89.0866  100 
 26.2312  88.6332  100 
 24.4221  88.363  100 
 22.6131  88.2539  100 
 20.804  88.2834  100 

 86.8265  8.1407  100 
 86.256  9.94975  100 
 85.9296  11.0131  100 
 85.6986  11.7588  100 
 85.1643  13.5678  100 
 84.6496  15.3769  100 
 84.1681  17.1859  100 
 84.1206  17.398  100 
 83.7545  18.995  100 
 83.4198  20.804  100 
 83.1878  22.6131  100 
 83.0744  24.4221  100 
 83.0953  26.2312  100 
 83.2726  28.0402  100 
 83.6353  29.8492  100 
 84.1206  31.3703  100 
 84.2215  31.6583  100 
 85.0805  33.4673  100 
 85.9296  34.8142  100 
 86.2446  35.2764  100 
 87.7387  37.072  100 
 87.7506  37.0854  100 
 89.5477  38.8345  100 
 89.6127  38.8945  100 
 91.3568  40.3387  100 
 91.8159  40.7035  100 
 93.1658  41.6937  100 
 94.3159  42.5126  100 
 94.9749  42.9555  100 
 96.7839  44.1503  100 
 97.047  44.3216  100 
 98.593  45.2962  100 
 99.9313  46.1307  100 
 100.402  46.4194  100 
 102.211  47.5261  100 
 102.889  47.9397  100 
 104.02  48.6304  100 
 105.829  49.7365  100 
 105.849  49.7487  100 
 107.638  50.8536  100 
 108.783  51.5578  100 
 109.447  51.9781  100 
 111.256  53.1105  100 
 111.674  53.3668  100 
 113.065  54.2558  100 
 114.534  55.1759  100 
 114.874  55.3995  100 
 116.683  56.554  100 
 117.38  56.9849  100 
 118.492  57.7132  100 
 120.196  58.794  100 
 120.302  58.8651  100 
 122.111  60.0393  100 
 123.013  60.603  100 
 123.92  61.2118  100 
 125.729  62.3773  100 
 125.785  62.4121  100 
 127.538  63.5742  100 
 128.558  64.2211  100 
 129.347  64.7675  100 
 131.156  65.9618  100 
 131.265  66.0302  100 
 132.965  67.2051  100 
 133.926  67.8392  100 
 134.774  68.4662  100 
 136.446  69.6482  100 
 136.583  69.7591  100 
 138.392  71.1572  100 
 138.793  71.4573  100 
 140.201  72.697  100 
 140.861  73.2663  100 
 142.01  74.4972  100 
 142.556  75.0754  100 
 143.801  76.8844  100 
 143.819  76.9267  100 
 144.6  78.6935  100 
 144.906  80.5025  100 
 144.744  82.3116  100 
 144.127  84.1206  100 
 143.819  84.6474  100 
 143.113  85.9296  100 
 142.01  87.3674  100 
 141.741  87.7387  100 
 140.201  89.4349  100 
 140.105  89.5477  100 
 138.392  91.2495  100 
 138.291  91.3568  100 
 136.583  92.9506  100 
 136.369  93.1658  100 
 134.774  94.5973  100 
 134.382  94.9749  100 
 132.965  96.2159  100 
 132.358  96.7839  100 
 131.156  97.8175  100 
 130.306  98.593  100 
 129.347  99.4047  100 
 128.227  100.402  100 
 127.538  100.975  100 
 126.111  102.211  100 

 180 -72.209  100 
 178.191 -72.6307  100 
 176.382 -73.029  100 
 175.184 -73.2663  100 
 174.573 -73.4064  100 
 172.764 -73.7518  100 
 170.955 -73.9863  100 
 169.146 -74.0976  100 
 167.337 -74.0809  100 
 165.528 -73.9382  100 
 163.719 -73.6761  100 
 161.91 -73.3036  100 
 161.774 -73.2663  100 
 160.101 -72.8993  100 
 158.291 -72.4125  100 
 156.482 -71.8354  100 
 155.475 -71.4573  100 
 154.673 -71.2043  100 
 152.864 -70.5413  100 
 151.055 -69.7996  100 
 150.728 -69.6482  100 
 149.246 -69.054  100 
 147.437 -68.2614  100 
 146.55 -67.8392  100 
 145.628 -67.4506  100 
 143.819 -66.6324  100 
 142.555 -66.0302  100 
 142.01 -65.7974  100 
 140.201 -64.9863  100 
 138.523 -64.2211  100 
 138.392 -64.1675  100 
 136.583 -63.3946  100 
 134.774 -62.6009  100 
 134.373 -62.4121  100 
 132.965 -61.8117  100 
 131.156 -60.9871  100 
 130.379 -60.603  100 
 129.347 -60.1346  100 
 127.538 -59.247  100 
 126.683 -58.794  100 
 125.729 -58.3246  100 
 123.92 -57.3715  100 
 123.231 -56.9849  100 
 122.111 -56.393  100 
 120.302 -55.3832  100 
 119.954 -55.1759  100 
 118.492 -54.3291  100 
 116.959 -53.3668  100 
 116.683 -53.1961  100 
 114.874 -51.9614  100 
 114.339 -51.5578  100 
 113.065 -50.5936  100 
 112.057 -49.7487  100 
 111.256 -49.0666  100 
 110.058 -47.9397  100 
 109.447 -47.3503  100 
 108.296 -46.1307  100 
 107.638 -45.4113  100 
 106.725 -44.3216  100 
 105.829 -43.2097  100 
 105.311 -42.5126  100 
 104.035 -40.7035  100 
 104.02 -40.6808  100 
 102.944 -38.8945  100 
 102.211 -37.5534  100 
 101.978 -37.0854  100 
 101.148 -35.2764  100 
 100.402 -33.5457  100 
 100.371 -33.4673  100 
 99.6797 -31.6583  100 
 99.0097 -29.8492  100 
 98.593 -28.6939  100 
 98.3692 -28.0402  100 
 97.7642 -26.2312  100 
 97.1654 -24.4221  100 
 96.7839 -23.2543  100 
 96.5832 -22.6131  100 
 96.0273 -20.804  100 
 95.4739 -18.995  100 
 94.9749 -17.3712  100 
 94.9195 -17.1859  100 
 94.3805 -15.3769  100 
 93.8265 -13.5678  100 
 93.2541 -11.7588  100 
 93.1658 -11.4825  100 
 92.6861 -9.94975  100 
 92.105 -8.1407  100 
 91.5083 -6.33166  100 
 91.3568 -5.8713  100 
 90.9189 -4.52261  100 
 90.3275 -2.71357  100 
 89.7298 -0.904523  100 
 89.5477 -0.344637  100 
 89.1437  0.904523  100 
 88.5609  2.71357  100 
 87.9739  4.52261  100 
 87.7387  5.26073  100 
 87.3967  6.33166  100 
 86.8265  8.1407  100 

-97.7869  26.2312  100 
-98.3917  28.0402  100 
-98.593  28.6319  100 
-99.0292  29.8492  100 
-99.6892  31.6583  100 
-100.363  33.4673  100 
-100.402  33.5681  100 
-101.109  35.2764  100 
-101.894  37.0854  100 
-102.211  37.7704  100 
-102.778  38.8945  100 
-103.765  40.7035  100 
-104.02  41.1401  100 
-104.884  42.5126  100 
-105.829  43.952  100 
-106.092  44.3216  100 
-107.428  46.1307  100 
-107.638  46.4074  100 
-108.914  47.9397  100 
-109.447  48.5636  100 
-110.566  49.7487  100 
-111.256  50.4629  100 
-112.43  51.5578  100 
-113.065  52.1387  100 
-114.555  53.3668  100 
-114.874  53.6269  100 
-116.683  54.9574  100 
-117.013  55.1759  100 
-118.492  56.1589  100 
-119.864  56.9849  100 
-120.302  57.2525  100 
-122.111  58.2551  100 
-123.18  58.794  100 
-123.92  59.1783  100 
-125.729  60.0323  100 
-127.054  60.603  100 
-127.538  60.8214  100 
-129.347  61.5629  100 
-131.156  62.2488  100 
-131.627  62.4121  100 
-132.965  62.9093  100 
-134.774  63.5427  100 
-136.583  64.1571  100 
-136.778  64.2211  100 
-138.392  64.8017  100 
-140.201  65.4658  100 
-141.699  66.0302  100 
-142.01  66.1601  100 
-143.819  66.9156  100 
-145.628  67.6912  100 
-145.98  67.8392  100 
-147.437  68.5396  100 
-149.246  69.4153  100 
-149.745  69.6482  100 
-151.055  70.3725  100 
-152.864  71.3543  100 
-153.069  71.4573  100 
-154.673  72.451  100 
-156.072  73.2663  100 
-156.482  73.5749  100 
-158.291  74.7833  100 
-158.81  75.0754  100 
-160.101  76.0782  100 
-161.424  76.8844  100 
-161.91  77.3215  100 
-163.719  78.4363  100 
-164.426  78.6935  100 
-165.528  79.4063  100 
-167.337  79.9109  100 
-169.146  79.7103  100 
-170.91  78.6935  100 
-170.955  78.6786  100 
-172.764  77.7071  100 
-173.897  76.8844  100 
-174.573  76.5435  100 
-176.382  75.5111  100 
-177.124  75.0754  100 
-178.191  74.5793  100 
-180  73.759  100 

-142.335 -78.6935  100 
-142.01 -77.7201  100 
-141.751 -76.8844  100 
-140.927 -75.0754  100 
-140.201 -73.8931  100 
-139.838 -73.2663  100 
-138.498 -71.4573  100 
-138.392 -71.3402  100 
-136.919 -69.6482  100 
-136.583 -69.3264  100 
-135.075 -67.8392  100 
-134.774 -67.5864  100 
-132.965 -66.0325  100 
-131.156 -64.641  100 
-130.62 -64.2211  100 
-129.347 -63.3346  100 
-128.046 -62.4121  100 
-127.538 -62.0857  100 
-125.729 -60.8941  100 
-125.298 -60.603  100 
-123.92 -59.744  100 
-122.426 -58.794  100 
-122.111 -58.6065  100 
-120.302 -57.4957  100 
-119.491 -56.9849  100 
-118.492 -56.3894  100 
-116.683 -55.2843  100 
-116.511 -55.1759  100 
-114.874 -54.1913  100 
-113.532 -53.3668  100 
-113.065 -53.0902  100 
-111.256 -51.9904  100 
-110.559 -51.5578  100 
-109.447 -50.8849  100 
-107.638 -49.7714  100 
-107.602 -49.7487  100 
-105.829 -48.6553  100 
-104.681 -47.9397  100 
-104.02 -47.5299  100 
-102.211 -46.398  100 
-101.786 -46.1307  100 
-100.402 -45.2564  100 
-98.9264 -44.3216  100 
-98.593 -44.1073  100 
-96.7839 -42.9423  100 
-96.1193 -42.5126  100 
-94.9749 -41.7487  100 
-93.4375 -40.7035  100 
-93.1658 -40.5089  100 
-91.3568 -39.1764  100 
-90.9859 -38.8945  100 
-89.5477 -37.6951  100 
-88.8521 -37.0854  100 
-87.7387 -35.9736  100 
-87.0825 -35.2764  100 
-85.9296 -33.8054  100 
-85.6833 -33.4673  100 
-84.6333 -31.6583  100 
-84.1206 -30.4418  100 
-83.891 -29.8492  100 
-83.4159 -28.0402  100 
-83.1611 -26.2312  100 
-83.0897 -24.4221  100 
-83.1688 -22.6131  100 
-83.3693 -20.804  100 
-83.6665 -18.995  100 
-84.0429 -17.1859  100 
-84.1206 -16.8821  100 
-84.4928 -15.3769  100 
-84.9979 -13.5678  100 
-85.5433 -11.7588  100 
-85.9296 -10.5599  100 
-86.1211 -9.94975  100 
-86.7241 -8.1407  100 
-87.3324 -6.33166  100 
-87.7387 -5.13498  100 
-87.9428 -4.52261  100 
-88.5545 -2.71357  100 
-89.1536 -0.904523  100 
-89.5477  0.294587  100 
-89.7477  0.904523  100 
-90.3449  2.71357  100 
-90.9338  4.52261  100 
-91.3568  5.82992  100 
-91.5208  6.33166  100 
-92.1137  8.1407  100 
-92.6933  9.94975  100 
-93.1658  11.4586  100 
-93.2615  11.7588  100 
-93.8337  13.5678  100 
-94.3885  15.3769  100 
-94.9291  17.1859  100 
-94.9749  17.3386  100 
-95.4852  18.995  100 
-96.0407  20.804  100 
-96.5998  22.6131  100 
-96.7839  23.1983  100 
-97.1861  24.4221  100 
-97.7869  26.2312  100 

-46.1307 -105.785  100 
-46.1668 -105.829  100 
-47.6749 -107.638  100 
-47.9397 -107.953  100 
-49.2069 -109.447  100 
-49.7487 -110.083  100 
-50.7699 -111.256  100 
-51.5578 -112.162  100 
-52.3695 -113.065  100 
-53.3668 -114.182  100 
-54.0116 -114.874  100 
-55.1759 -116.14  100 
-55.7023 -116.683  100 
-56.9849 -118.034  100 
-57.4466 -118.492  100 
-58.794 -119.87  100 
-59.2403 -120.302  100 
-60.603 -121.673  100 
-61.0656 -122.111  100 
-62.4121 -123.424  100 
-62.9647 -123.92  100 
-64.2211 -125.078  100 
-65.0029 -125.729  100 
-66.0302 -126.607  100 
-67.2627 -127.538  100 
-67.8392 -127.986  100 
-69.6482 -129.197  100 
-69.9162 -129.347  100 
-71.4573 -130.238  100 
-73.2663 -131.065  100 
-73.5345 -131.156  100 
-75.0754 -131.695  100 
-76.8844 -132.092  100 
-78.6935 -132.245  100 
-80.5025 -132.15  100 
-82.3116 -131.816  100 
-84.1206 -131.261  100 
-84.3721 -131.156  100 
-85.9296 -130.535  100 
-87.7387 -129.641  100 
-88.2473 -129.347  100 
-89.5477 -128.621  100 
-91.2582 -127.538  100 
-91.3568 -127.477  100 
-93.1658 -126.255  100 
-93.8864 -125.729  100 
-94.9749 -124.956  100 
-96.3519 -123.92  100 
-96.7839 -123.604  100 
-98.593 -122.235  100 
-98.7572 -122.111  100 
-100.402 -120.919  100 
-101.291 -120.302  100 
-102.211 -119.704  100 
-104.02 -118.52  100 
-104.062 -118.492  100 
-105.829 -117.34  100 
-106.797 -116.683  100 
-107.638 -116.112  100 
-109.381 -114.874  100 
-109.447 -114.826  100 
-111.256 -113.477  100 
-111.79 -113.065  100 
-113.065 -112.049  100 
-114.037 -111.256  100 
-114.874 -110.544  100 
-116.153 -109.447  100 
-116.683 -108.97  100 
-118.182 -107.638  100 
-118.492 -107.349  100 
-120.188 -105.829  100 
-120.302 -105.723  100 
-122.111 -104.16  100 
-122.289 -104.02  100 
-123.92 -102.728  100 
-124.642 -102.211  100 
-125.729 -101.427  100 
-127.256 -100.402  100 
-127.538 -100.206  100 
-129.347 -99.0145  100 
-130.016 -98.593  100 
-131.156 -97.8149  100 
-132.699 -96.7839  100 
-132.965 -96.5844  100 
-134.774 -95.2422  100 
-135.135 -94.9749  100 
-136.583 -93.712  100 
-137.202 -93.1658  100 
-138.392 -91.8946  100 
-138.895 -91.3568  100 
-140.201 -89.6084  100 
-140.247 -89.5477  100 
-141.312 -87.7387  100 
-142.01 -86.036  100 
-142.056 -85.9296  100 
-142.541 -84.1206  100 
-142.74 -82.3116  100 
-142.67 -80.5025  100 
-142.335 -78.6935  100 

 68.2274 -134.774  100 
 67.8392 -134.356  100 
 66.6745 -132.965  100 
 66.0302 -132.227  100 
 65.1788 -131.156  100 
 64.2211 -130.009  100 
 63.7112 -129.347  100 
 62.4121 -127.75  100 
 62.2507 -127.538  100 
 60.7909 -125.729  100 
 60.603 -125.51  100 
 59.3181 -123.92  100 
 58.794 -123.308  100 
 57.8214 -122.111  100 
 56.9849 -121.135  100 
 56.2954 -120.302  100 
 55.1759 -119.03  100 
 54.7103 -118.492  100 
 53.3668 -117.053  100 
 53.0217 -116.683  100 
 51.5578 -115.238  100 
 51.1847 -114.874  100 
 49.7487 -113.59  100 
 49.1501 -113.065  100 
 47.9397 -112.093  100 
 46.8676 -111.256  100 
 46.1307 -110.727  100 
 44.3216 -109.468  100 
 44.2909 -109.447  100 
 42.5126 -108.34  100 
 41.3384 -107.638  100 
 40.7035 -107.283  100 
 38.8945 -106.317  100 
 37.9358 -105.829  100 
 37.0854 -105.424  100 
 35.2764 -104.603  100 
 33.9376 -104.02  100 
 33.4673 -103.827  100 
 31.6583 -103.111  100 
 29.8492 -102.408  100 
 29.331 -102.211  100 
 28.0402 -101.744  100 
 26.2312 -101.097  100 
 24.4221 -100.451  100 
 24.2802 -100.402  100 
 22.6131 -99.8464  100 
 20.804 -99.2534  100 
 18.995 -98.6801  100 
 18.7062 -98.593  100 
 17.1859 -98.1505  100 
 15.3769 -97.6266  100 
 13.5678 -97.0959  100 
 12.5122 -96.7839  100 
 11.7588 -96.5669  100 
 9.94975 -96.0433  100 
 8.1407 -95.5076  100 
 6.37496 -94.9749  100 
 6.33166 -94.9621  100 
 4.52261 -94.4381  100 
 2.71357 -93.9136  100 
 0.904523 -93.3936  100 
 0.0828087 -93.1658  100 
-0.904523 -92.8945  100 
-2.71357 -92.4143  100 
-4.52261 -91.942  100 
-6.33166 -91.4772  100 
-6.82667 -91.3568  100 
-8.1407 -91.0361  100 
-9.94975 -90.6122  100 
-11.7588 -90.2052  100 
-13.5678 -89.8233  100 
-15.0277 -89.5477  100 
-15.3769 -89.4807  100 
-17.1859 -89.198  100 
-18.995 -88.9825  100 
-20.804 -88.8554  100 
-22.6131 -88.8392  100 
-24.4221 -88.9565  100 
-26.2312 -89.2298  100 
-27.5236 -89.5477  100 
-28.0402 -89.6851  100 
-29.8492 -90.3516  100 
-31.6583 -91.2445  100 
-31.8447 -91.3568  100 
-33.4673 -92.3899  100 
-34.4897 -93.1658  100 
-35.2764 -93.7889  100 
-36.5933 -94.9749  100 
-37.0854 -95.4313  100 
-38.4117 -96.7839  100 
-38.8945 -97.2847  100 
-40.0711 -98.593  100 
-40.7035 -99.3  100 
-41.6417 -100.402  100 
-42.5126 -101.421  100 
-43.1653 -102.211  100 
-44.3216 -103.597  100 
-44.6676 -104.02  100 
-46.1307 -105.785  100 

 180 -88.269  100 
 178.191 -88.3848  100 
 176.382 -88.4401  100 
 174.573 -88.4707  100 
 172.764 -88.5188  100 
 170.955 -88.626  100 
 169.146 -88.8304  100 
 167.337 -89.1658  100 
 165.953 -89.5477  100 
 165.528 -89.641  100 
 163.719 -90.1977  100 
 161.91 -90.9361  100 
 161.113 -91.3568  100 
 160.101 -91.8057  100 
 158.291 -92.8213  100 
 157.793 -93.1658  100 
 156.482 -93.9608  100 
 155.095 -94.9749  100 
 154.673 -95.2527  100 
 152.864 -96.6375  100 
 152.696 -96.7839  100 
 151.055 -98.0723  100 
 150.456 -98.593  100 
 149.246 -99.5461  100 
 148.242 -100.402  100 
 147.437 -101.024  100 
 145.988 -102.211  100 
 145.628 -102.479  100 
 143.819 -103.883  100 
 143.648 -104.02  100 
 142.01 -105.226  100 
 141.208 -105.829  100 
 140.201 -106.544  100 
 138.711 -107.638  100 
 138.392 -107.863  100 
 136.583 -109.2  100 
 136.264 -109.447  100 
 134.774 -110.579  100 
 133.928 -111.256  100 
 132.965 -112.02  100 
 131.708 -113.065  100 
 131.156 -113.525  100 
 129.594 -114.874  100 
 129.347 -115.089  100 
 127.558 -116.683  100 
 127.538 -116.701  100 
 125.729 -118.341  100 
 125.563 -118.492  100 
 123.92 -119.979  100 
 123.562 -120.302  100 
 122.111 -121.577  100 
 121.485 -122.111  100 
 120.302 -123.099  100 
 119.283 -123.92  100 
 118.492 -124.556  100 
 117.004 -125.729  100 
 116.683 -125.983  100 
 114.874 -127.402  100 
 114.7 -127.538  100 
 113.065 -128.828  100 
 112.401 -129.347  100 
 111.256 -130.262  100 
 110.124 -131.156  100 
 109.447 -131.704  100 
 107.863 -132.965  100 
 107.638 -133.148  100 
 105.829 -134.588  100 
 105.587 -134.774  100 
 104.02 -136.008  100 
 103.251 -136.583  100 
 102.211 -137.38  100 
 100.79 -138.392  100 
 100.402 -138.673  100 
 98.593 -139.84  100 
 97.9553 -140.201  100 
 96.7839 -140.87  100 
 94.9749 -141.782  100 
 94.4497 -142.01  100 
 93.1658 -142.584  100 
 91.3568 -143.263  100 
 89.5477 -143.804  100 
 89.4753 -143.819  100 
 87.7387 -144.207  100 
 85.9296 -144.443  100 
 84.1206 -144.494  100 
 82.3116 -144.34  100 
 80.5025 -143.956  100 
 80.1132 -143.819  100 
 78.6935 -143.331  100 
 76.8844 -142.431  100 
 76.2343 -142.01  100 
 75.0754 -141.263  100 
 73.7278 -140.201  100 
 73.2663 -139.841  100 
 71.6775 -138.392  100 
 71.4573 -138.195  100 
 69.8763 -136.583  100 
 69.6482 -136.357  100 
 68.2274 -134.774  100 


# Contour 6, label:       50
-158.291  44.4228  50 
-156.482  45.2419  50 
-154.673  45.9378  50 
-154.098  46.1307  50 
-152.864  46.5003  50 
-151.055  46.9602  50 
-149.246  47.3376  50 
-147.437  47.6381  50 
-145.628  47.8663  50 
-144.812  47.9397  50 
-143.819  48.0217  50 
-142.01  48.1102  50 
-140.201  48.1359  50 
-138.392  48.0986  50 
-136.583  47.9976  50 
-135.963  47.9397  50 
-134.774  47.8269  50 
-132.965  47.5834  50 
-131.156  47.2658  50 
-129.347  46.8693  50 
-127.538  46.3878  50 
-126.735  46.1307  50 
-125.729  45.7987  50 
-123.92  45.0918  50 
-122.232  44.3216  50 
-122.111  44.2641  50 
-120.302  43.2525  50 
-119.169  42.5126  50 
-118.492  42.0447  50 
-116.825  40.7035  50 
-116.683  40.5808  50 
-114.962  38.8945  50 
-114.874  38.8027  50 
-113.41  37.0854  50 
-113.065  36.6534  50 
-112.075  35.2764  50 
-111.256  34.0593  50 
-110.895  33.4673  50 
-109.864  31.6583  50 
-109.447  30.8776  50 
-108.946  29.8492  50 
-108.113  28.0402  50 
-107.638  26.9526  50 
-107.348  26.2312  50 
-106.656  24.4221  50 
-105.989  22.6131  50 
-105.829  22.1532  50 
-105.39  20.804  50 
-104.83  18.995  50 
-104.292  17.1859  50 
-104.02  16.2313  50 
-103.792  15.3769  50 
-103.324  13.5678  50 
-102.855  11.7588  50 
-102.377  9.94975  50 
-102.211  9.32152  50 
-101.916  8.1407  50 
-101.46  6.33166  50 
-100.996  4.52261  50 
-100.529  2.71357  50 
-100.402  2.18869  50 
-100.111  0.904523  50 
-99.7636 -0.904523  50 
-99.4807 -2.71357  50 
-99.2422 -4.52261  50 
-99.0453 -6.33166  50 
-98.8941 -8.1407  50 
-98.7975 -9.94975  50 
-98.7688 -11.7588  50 
-98.8254 -13.5678  50 
-98.9894 -15.3769  50 
-99.2878 -17.1859  50 
-99.756 -18.995  50 

-99.756 -18.995  50 
-100.402 -20.6807  50 
-100.457 -20.804  50 
-101.521 -22.6131  50 
-102.211 -23.5773  50 
-102.896 -24.4221  50 
-104.02 -25.6357  50 
-104.635 -26.2312  50 
-105.829 -27.2821  50 
-106.775 -28.0402  50 
-107.638 -28.6856  50 
-109.323 -29.8492  50 
-109.447 -29.9307  50 
-111.256 -31.0327  50 
-112.357 -31.6583  50 
-113.065 -32.0488  50 
-114.874 -32.9772  50 
-115.903 -33.4673  50 
-116.683 -33.8325  50 
-118.492 -34.609  50 
-120.193 -35.2764  50 
-120.302 -35.3184  50 
-122.111 -35.9296  50 
-123.92 -36.4669  50 
-125.729 -36.936  50 
-126.406 -37.0854  50 
-127.538 -37.3319  50 
-129.347 -37.6651  50 
-131.156 -37.9434  50 
-132.965 -38.1665  50 
-134.774 -38.3318  50 
-136.583 -38.4341  50 
-138.392 -38.4638  50 
-140.201 -38.4019  50 
-142.01 -38.2293  50 
-143.819 -37.9509  50 
-145.628 -37.5684  50 
-147.407 -37.0854  50 
-147.437 -37.076  50 
-149.246 -36.4006  50 
-151.055 -35.5597  50 
-151.58 -35.2764  50 
-152.864 -34.3963  50 
-153.993 -33.4673  50 
-154.673 -32.6981  50 
-155.464 -31.6583  50 
-156.354 -29.8492  50 
-156.482 -29.4312  50 
-156.865 -28.0402  50 
-157.122 -26.2312  50 
-157.211 -24.4221  50 
-157.196 -22.6131  50 
-157.128 -20.804  50 
-157.046 -18.995  50 
-156.964 -17.1859  50 
-156.886 -15.3769  50 
-156.815 -13.5678  50 
-156.76 -11.7588  50 
-156.729 -9.94975  50 
-156.731 -8.1407  50 
-156.776 -6.33166  50 
-156.872 -4.52261  50 
-157.032 -2.71357  50 
-157.268 -0.904523  50 
-157.601  0.904523  50 
-158.032  2.71357  50 
-158.291  3.62992  50 
-158.547  4.52261  50 
-159.122  6.33166  50 
-159.739  8.1407  50 
-160.101  9.1545  50 
-160.388  9.94975  50 
-161.06  11.7588  50 
-161.742  13.5678  50 
-161.91  14.0164  50 
-162.43  15.3769  50 
-163.113  17.1859  50 
-163.719  18.8321  50 
-163.78  18.995  50 
-164.428  20.804  50 
-165.034  22.6131  50 
-165.528  24.2581  50 
-165.578  24.4221  50 
-166.046  26.2312  50 
-166.408  28.0402  50 
-166.642  29.8492  50 
-166.718  31.6583  50 
-166.601  33.4673  50 
-166.254  35.2764  50 
-165.629  37.0854  50 
-165.528  37.285  50 
-164.672  38.8945  50 
-163.719  40.1777  50 
-163.3  40.7035  50 
-161.91  42.0331  50 
-161.341  42.5126  50 
-160.101  43.3698  50 
-158.489  44.3216  50 
-158.291  44.4228  50 

 117.569  35.2764  50 
 118.492  35.6906  50 
 120.302  36.4204  50 
 122.111  37.0649  50 
 122.179  37.0854  50 
 123.92  37.5979  50 
 125.729  38.0571  50 
 127.538  38.4504  50 
 129.347  38.7814  50 
 130.12  38.8945  50 
 131.156  39.0444  50 
 132.965  39.2427  50 
 134.774  39.3781  50 
 136.583  39.4458  50 
 138.392  39.4378  50 
 140.201  39.3392  50 
 142.01  39.133  50 
 143.41  38.8945  50 
 143.819  38.8161  50 
 145.628  38.3667  50 
 147.437  37.7898  50 
 149.213  37.0854  50 
 149.246  37.0698  50 
 151.055  36.0973  50 
 152.322  35.2764  50 
 152.864  34.8413  50 
 154.333  33.4673  50 
 154.673  33.0468  50 
 155.665  31.6583  50 
 156.482  29.9883  50 
 156.544  29.8492  50 
 157.099  28.0402  50 
 157.424  26.2312  50 
 157.585  24.4221  50 
 157.635  22.6131  50 
 157.619  20.804  50 
 157.576  18.995  50 
 157.521  17.1859  50 
 157.459  15.3769  50 
 157.396  13.5678  50 
 157.342  11.7588  50 
 157.308  9.94975  50 
 157.303  8.1407  50 
 157.337  6.33166  50 
 157.42  4.52261  50 
 157.566  2.71357  50 
 157.788  0.904523  50 
 158.113 -0.904523  50 
 158.291 -1.65259  50 
 158.549 -2.71357  50 
 159.064 -4.52261  50 
 159.633 -6.33166  50 
 160.101 -7.72786  50 
 160.241 -8.1407  50 
 160.88 -9.94975  50 
 161.534 -11.7588  50 
 161.91 -12.791  50 
 162.199 -13.5678  50 
 162.869 -15.3769  50 
 163.535 -17.1859  50 
 163.719 -17.7007  50 
 164.197 -18.995  50 
 164.842 -20.804  50 
 165.455 -22.6131  50 
 165.528 -22.8535  50 
 166.022 -24.4221  50 
 166.519 -26.2312  50 
 166.92 -28.0402  50 
 167.196 -29.8492  50 
 167.311 -31.6583  50 
 167.219 -33.4673  50 
 166.868 -35.2764  50 
 166.196 -37.0854  50 

 166.196 -37.0854  50 
 165.528 -38.2413  50 
 165.127 -38.8945  50 
 163.719 -40.5259  50 
 163.55 -40.7035  50 
 161.91 -42.0232  50 
 161.191 -42.5126  50 
 160.101 -43.1238  50 
 158.291 -43.9625  50 
 157.362 -44.3216  50 
 156.482 -44.6219  50 
 154.673 -45.1424  50 
 152.864 -45.5704  50 
 151.055 -45.9176  50 
 149.669 -46.1307  50 
 149.246 -46.1898  50 
 147.437 -46.3904  50 
 145.628 -46.5354  50 
 143.819 -46.6286  50 
 142.01 -46.6723  50 
 140.201 -46.6675  50 
 138.392 -46.6137  50 
 136.583 -46.5097  50 
 134.774 -46.3531  50 
 132.965 -46.1408  50 
 132.899 -46.1307  50 
 131.156 -45.8587  50 
 129.347 -45.5101  50 
 127.538 -45.0901  50 
 125.729 -44.5917  50 
 124.907 -44.3216  50 
 123.92 -43.9883  50 
 122.111 -43.2637  50 
 120.525 -42.5126  50 
 120.302 -42.4014  50 
 118.492 -41.3034  50 
 117.657 -40.7035  50 
 116.683 -39.9396  50 
 115.507 -38.8945  50 
 114.874 -38.2834  50 
 113.759 -37.0854  50 
 113.065 -36.2764  50 
 112.289 -35.2764  50 
 111.256 -33.8331  50 
 111.019 -33.4673  50 
 109.939 -31.6583  50 
 109.447 -30.7669  50 
 108.986 -29.8492  50 
 108.14 -28.0402  50 
 107.638 -26.8939  50 
 107.371 -26.2312  50 
 106.686 -24.4221  50 
 106.034 -22.6131  50 
 105.829 -22.0103  50 
 105.447 -20.804  50 
 104.905 -18.995  50 
 104.386 -17.1859  50 
 104.02 -15.859  50 
 103.895 -15.3769  50 
 103.446 -13.5678  50 
 102.996 -11.7588  50 
 102.539 -9.94975  50 
 102.211 -8.66349  50 
 102.085 -8.1407  50 
 101.651 -6.33166  50 
 101.21 -4.52261  50 
 100.769 -2.71357  50 
 100.402 -1.15647  50 
 100.346 -0.904523  50 
 100.013  0.904523  50 
 99.7407  2.71357  50 
 99.5113  4.52261  50 
 99.3233  6.33166  50 
 99.1813  8.1407  50 
 99.0935  9.94975  50 
 99.0721  11.7588  50 
 99.1326  13.5678  50 
 99.2939  15.3769  50 
 99.5787  17.1859  50 
 100.014  18.995  50 
 100.402  20.1359  50 
 100.663  20.804  50 
 101.579  22.6131  50 
 102.211  23.6334  50 
 102.759  24.4221  50 
 104.02  25.9875  50 
 104.238  26.2312  50 
 105.829  27.8252  50 
 106.065  28.0402  50 
 107.638  29.3595  50 
 108.273  29.8492  50 
 109.447  30.6981  50 
 110.877  31.6583  50 
 111.256  31.9011  50 
 113.065  32.9788  50 
 113.945  33.4673  50 
 114.874  33.9664  50 
 116.683  34.8704  50 
 117.569  35.2764  50 

-108.341 -180  50 
-107.823 -178.191  50 
-107.638 -177.596  50 
-107.251 -176.382  50 
-106.633 -174.573  50 
-105.984 -172.764  50 
-105.829 -172.329  50 
-105.314 -170.955  50 
-104.662 -169.146  50 
-104.062 -167.337  50 
-104.02 -167.185  50 
-103.545 -165.528  50 
-103.167 -163.719  50 
-102.987 -161.91  50 
-103.082 -160.101  50 
-103.505 -158.291  50 
-104.02 -156.973  50 
-104.21 -156.482  50 
-105.144 -154.673  50 
-105.829 -153.57  50 
-106.263 -152.864  50 
-107.54 -151.055  50 
-107.638 -150.931  50 
-108.956 -149.246  50 
-109.447 -148.67  50 
-110.497 -147.437  50 
-111.256 -146.607  50 
-112.155 -145.628  50 
-113.065 -144.695  50 
-113.924 -143.819  50 
-114.874 -142.898  50 
-115.798 -142.01  50 
-116.683 -141.193  50 
-117.765 -140.201  50 
-118.492 -139.553  50 
-119.792 -138.392  50 
-120.302 -137.949  50 
-121.868 -136.583  50 
-122.111 -136.379  50 
-123.92 -134.862  50 
-124.026 -134.774  50 
-125.729 -133.406  50 
-126.286 -132.965  50 
-127.538 -132.004  50 
-128.664 -131.156  50 
-129.347 -130.655  50 
-131.156 -129.361  50 
-131.176 -129.347  50 
-132.965 -128.135  50 
-133.879 -127.538  50 
-134.774 -126.968  50 
-136.583 -125.863  50 
-136.814 -125.729  50 
-138.392 -124.836  50 
-140.112 -123.92  50 
-140.201 -123.873  50 
-142.01 -122.999  50 
-143.819 -122.193  50 
-144.019 -122.111  50 
-145.628 -121.469  50 
-147.437 -120.81  50 
-148.979 -120.302  50 
-149.246 -120.216  50 
-151.055 -119.701  50 
-152.864 -119.257  50 
-154.673 -118.892  50 
-156.482 -118.615  50 
-157.757 -118.492  50 
-158.291 -118.443  50 
-160.101 -118.403  50 
-161.605 -118.492  50 
-161.91 -118.511  50 
-163.719 -118.746  50 
-165.528 -119.074  50 
-167.337 -119.476  50 
-169.146 -119.938  50 
-170.431 -120.302  50 
-170.955 -120.455  50 
-172.764 -121.023  50 
-174.573 -121.628  50 
-175.948 -122.111  50 
-176.382 -122.269  50 
-178.191 -122.956  50 
-180 -123.675  50 

-106.669  180  50 
-106.847  178.191  50 
-107.065  176.382  50 
-107.33  174.573  50 
-107.638  172.836  50 
-107.651  172.764  50 
-108.031  170.955  50 
-108.481  169.146  50 
-109.012  167.337  50 
-109.447  166.077  50 
-109.632  165.528  50 
-110.347  163.719  50 
-111.174  161.91  50 
-111.256  161.754  50 
-112.119  160.101  50 
-113.065  158.524  50 
-113.205  158.291  50 
-114.445  156.482  50 
-114.874  155.926  50 
-115.858  154.673  50 
-116.683  153.72  50 
-117.44  152.864  50 
-118.492  151.758  50 
-119.171  151.055  50 
-120.302  149.944  50 
-121.014  149.246  50 
-122.111  148.209  50 
-122.92  147.437  50 
-123.92  146.504  50 
-124.845  145.628  50 
-125.729  144.801  50 
-126.768  143.819  50 
-127.538  143.099  50 
-128.706  142.01  50 
-129.347  141.421  50 
-130.701  140.201  50 
-131.156  139.802  50 
-132.816  138.392  50 
-132.965  138.27  50 
-134.774  136.854  50 
-135.138  136.583  50 
-136.583  135.558  50 
-137.76  134.774  50 
-138.392  134.369  50 
-140.201  133.276  50 
-140.746  132.965  50 
-142.01  132.257  50 
-143.819  131.28  50 
-144.059  131.156  50 
-145.628  130.345  50 
-147.437  129.427  50 
-147.602  129.347  50 
-149.246  128.54  50 
-151.055  127.673  50 
-151.352  127.538  50 
-152.864  126.844  50 
-154.673  126.054  50 
-155.476  125.729  50 
-156.482  125.319  50 
-158.291  124.652  50 
-160.101  124.063  50 
-160.626  123.92  50 
-161.91  123.573  50 
-163.719  123.178  50 
-165.528  122.866  50 
-167.337  122.626  50 
-169.146  122.449  50 
-170.955  122.329  50 
-172.764  122.262  50 
-174.573  122.246  50 
-176.382  122.282  50 
-178.191  122.378  50 
-180  122.547  50 

 29.811  180  50 
 28.0402  178.22  50 
 28.0138  178.191  50 
 26.4318  176.382  50 
 26.2312  176.149  50 
 24.9479  174.573  50 
 24.4221  173.939  50 
 23.4761  172.764  50 
 22.6131  171.746  50 
 21.9446  170.955  50 
 20.804  169.705  50 
 20.2791  169.146  50 
 18.995  167.896  50 
 18.3826  167.337  50 
 17.1859  166.342  50 
 16.0999  165.528  50 
 15.3769  165.033  50 
 13.5678  163.947  50 
 13.1265  163.719  50 
 11.7588  163.064  50 
 9.94975  162.361  50 
 8.43255  161.91  50 
 8.1407  161.828  50 
 6.33166  161.462  50 
 4.52261  161.26  50 
 2.71357  161.229  50 
 0.904523  161.39  50 
-0.904523  161.783  50 
-1.27652  161.91  50 
-2.71357  162.395  50 
-4.52261  163.164  50 
-5.63685  163.719  50 
-6.33166  164.061  50 
-8.1407  165.066  50 
-8.90154  165.528  50 
-9.94975  166.164  50 
-11.7583  167.337  50 
-13.5678  168.576  50 
-14.3792  169.146  50 
-15.3769  169.859  50 
-16.8982  170.955  50 
-17.1859  171.167  50 
-18.995  172.488  50 
-19.3808  172.764  50 
-20.804  173.808  50 
-21.8851  174.573  50 
-22.6131  175.104  50 
-24.4221  176.359  50 
-24.4571  176.382  50 
-26.2312  177.562  50 
-27.2769  178.191  50 
-28.0402  178.663  50 
-29.8492  179.639  50 
-30.651  180  50 

 29.9124 -180  50 
 29.8492 -179.971  50 
 28.0402 -178.98  50 
 26.767 -178.191  50 
 26.2312 -177.871  50 
 24.4221 -176.685  50 
 23.9912 -176.382  50 
 22.6131 -175.455  50 
 21.3604 -174.573  50 
 20.804 -174.196  50 
 18.995 -172.93  50 
 18.7626 -172.764  50 
 17.1859 -171.673  50 
 16.16 -170.955  50 
 15.3769 -170.423  50 
 13.5678 -169.198  50 
 13.4889 -169.146  50 
 11.7588 -168.024  50 
 10.6585 -167.337  50 
 9.94975 -166.901  50 
 8.1407 -165.849  50 
 7.53818 -165.528  50 
 6.33166 -164.885  50 
 4.52261 -164.019  50 
 3.78673 -163.719  50 
 2.71357 -163.277  50 
 0.904523 -162.686  50 
-0.904523 -162.294  50 
-2.71357 -162.125  50 
-4.52261 -162.148  50 
-6.33166 -162.337  50 
-8.1407 -162.679  50 
-9.94975 -163.169  50 
-11.517 -163.719  50 
-11.7588 -163.811  50 
-13.5678 -164.627  50 
-15.2244 -165.528  50 
-15.3769 -165.62  50 
-17.1859 -166.838  50 
-17.8506 -167.337  50 
-18.995 -168.297  50 
-19.938 -169.146  50 
-20.804 -170.012  50 
-21.7194 -170.955  50 
-22.6131 -171.963  50 
-23.3289 -172.764  50 
-24.4221 -174.067  50 
-24.8628 -174.573  50 
-26.2312 -176.184  50 
-26.41 -176.382  50 
-28.0402 -178.162  50 
-28.069 -178.191  50 
-29.8492 -179.89  50 
-29.9806 -180  50 

-28.9548 -116.683  50 
-29.8492 -117.688  50 
-30.5402 -118.492  50 
-31.6583 -119.88  50 
-31.9881 -120.302  50 
-33.3084 -122.111  50 
-33.4673 -122.346  50 
-34.4992 -123.92  50 
-35.2764 -125.194  50 
-35.5939 -125.729  50 
-36.5892 -127.538  50 
-37.0854 -128.502  50 
-37.5124 -129.347  50 
-38.3712 -131.156  50 
-38.8945 -132.32  50 
-39.1817 -132.965  50 
-39.9383 -134.774  50 
-40.6663 -136.583  50 
-40.7035 -136.683  50 
-41.3361 -138.392  50 
-41.9708 -140.201  50 
-42.5126 -141.836  50 
-42.5704 -142.01  50 
-43.1215 -143.819  50 
-43.6522 -145.628  50 
-44.1664 -147.437  50 
-44.3216 -148.019  50 
-44.6482 -149.246  50 
-45.1029 -151.055  50 
-45.5346 -152.864  50 
-45.9369 -154.673  50 
-46.1307 -155.654  50 
-46.2907 -156.482  50 
-46.5842 -158.291  50 
-46.8189 -160.101  50 
-46.9891 -161.91  50 
-47.0923 -163.719  50 
-47.1279 -165.528  50 
-47.0951 -167.337  50 
-46.9923 -169.146  50 
-46.8157 -170.955  50 
-46.5582 -172.764  50 
-46.2076 -174.573  50 
-46.1307 -174.872  50 
-45.6927 -176.382  50 
-45.0032 -178.191  50 
-44.3216 -179.536  50 
-44.037 -180  50 

 44.2545 -180  50 
 44.3216 -179.951  50 
 46.1307 -178.265  50 
 46.1961 -178.191  50 
 47.6798 -176.382  50 
 47.9397 -176.038  50 
 48.9078 -174.573  50 
 49.7487 -173.174  50 
 49.9707 -172.764  50 
 50.8687 -170.955  50 
 51.5578 -169.366  50 
 51.6461 -169.146  50 
 52.2844 -167.337  50 
 52.8055 -165.528  50 
 53.2103 -163.719  50 
 53.3668 -162.771  50 
 53.5014 -161.91  50 
 53.6858 -160.101  50 
 53.7722 -158.291  50 
 53.7675 -156.482  50 
 53.6793 -154.673  50 
 53.5151 -152.864  50 
 53.3668 -151.726  50 
 53.2826 -151.055  50 
 52.9889 -149.246  50 
 52.643 -147.437  50 
 52.2514 -145.628  50 
 51.8191 -143.819  50 
 51.5578 -142.832  50 
 51.3448 -142.01  50 
 50.8265 -140.201  50 
 50.2647 -138.392  50 
 49.7487 -136.87  50 
 49.6515 -136.583  50 
 48.9692 -134.774  50 
 48.2275 -132.965  50 
 47.9397 -132.327  50 
 47.4044 -131.156  50 
 46.5041 -129.347  50 
 46.1307 -128.661  50 
 45.5052 -127.538  50 
 44.4105 -125.729  50 
 44.3216 -125.596  50 
 43.1653 -123.92  50 
 42.5126 -123.059  50 
 41.7593 -122.111  50 
 40.7035 -120.917  50 
 40.1147 -120.302  50 
 38.8945 -119.184  50 
 38.0735 -118.492  50 
 37.0854 -117.743  50 
 35.6009 -116.683  50 
 35.2764 -116.472  50 
 33.4673 -115.364  50 
 32.6213 -114.874  50 
 31.6583 -114.361  50 
 29.8492 -113.451  50 
 29.0363 -113.065  50 
 28.0402 -112.628  50 
 26.2312 -111.88  50 
 24.6313 -111.256  50 
 24.4221 -111.18  50 
 22.6131 -110.572  50 
 20.804 -110.004  50 
 18.995 -109.476  50 
 18.8853 -109.447  50 
 17.1859 -109.026  50 
 15.3769 -108.613  50 
 13.5678 -108.229  50 
 11.7588 -107.869  50 
 10.5137 -107.638  50 
 9.94975 -107.539  50 
 8.1407 -107.245  50 
 6.33166 -106.967  50 
 4.52261 -106.706  50 
 2.71357 -106.469  50 
 0.904523 -106.268  50 
-0.904523 -106.116  50 
-2.71357 -106.024  50 
-4.52261 -106  50 
-6.33166 -106.046  50 
-8.1407 -106.165  50 
-9.94975 -106.364  50 
-11.7588 -106.651  50 
-13.5678 -107.034  50 
-15.3769 -107.526  50 
-15.7174 -107.638  50 
-17.1859 -108.177  50 
-18.995 -108.969  50 
-19.9344 -109.447  50 
-20.804 -109.931  50 
-22.6131 -111.071  50 
-22.8781 -111.256  50 
-24.4221 -112.421  50 
-25.2068 -113.065  50 
-26.2312 -113.967  50 
-27.1974 -114.874  50 
-28.0402 -115.72  50 
-28.9548 -116.683  50 

-36.3344  118.492  50 
-37.0854  119.127  50 
-38.3801  120.302  50 
-38.8945  120.826  50 
-40.0448  122.111  50 
-40.7035  122.929  50 
-41.4475  123.92  50 
-42.5126  125.461  50 
-42.6884  125.729  50 
-43.7822  127.538  50 
-44.3216  128.494  50 
-44.7851  129.347  50 
-45.7014  131.156  50 
-46.1307  132.065  50 
-46.5447  132.965  50 
-47.3176  134.774  50 
-47.9397  136.332  50 
-48.0387  136.583  50 
-48.6914  138.392  50 
-49.3036  140.201  50 
-49.7487  141.608  50 
-49.8768  142.01  50 
-50.4069  143.819  50 
-50.9075  145.628  50 
-51.3758  147.437  50 
-51.5578  148.223  50 
-51.8012  149.246  50 
-52.1761  151.055  50 
-52.4924  152.864  50 
-52.7383  154.673  50 
-52.9018  156.482  50 
-52.9719  158.291  50 
-52.9381  160.101  50 
-52.7914  161.91  50 
-52.5238  163.719  50 
-52.1295  165.528  50 
-51.6061  167.337  50 
-51.5578  167.476  50 
-50.9374  169.146  50 
-50.1386  170.955  50 
-49.7487  171.739  50 
-49.1881  172.764  50 
-48.0915  174.573  50 
-47.9397  174.806  50 
-46.7726  176.382  50 
-46.1307  177.182  50 
-45.1714  178.191  50 
-44.3216  179.014  50 
-43.0336  180  50 

 44.8947  180  50 
 45.923  178.191  50 
 46.1307  177.732  50 
 46.6689  176.382  50 
 47.2524  174.573  50 
 47.7244  172.764  50 
 47.9397  171.707  50 
 48.0805  170.955  50 
 48.3244  169.146  50 
 48.4697  167.337  50 
 48.5084  165.528  50 
 48.4329  163.719  50 
 48.238  161.91  50 
 47.9397  160.196  50 
 47.9225  160.101  50 
 47.4737  158.291  50 
 46.9248  156.482  50 
 46.2972  154.673  50 
 46.1307  154.244  50 
 45.5878  152.864  50 
 44.8447  151.055  50 
 44.3216  149.807  50 
 44.0851  149.246  50 
 43.3116  147.437  50 
 42.5645  145.628  50 
 42.5126  145.504  50 
 41.809  143.819  50 
 41.0831  142.01  50 
 40.7035  141.055  50 
 40.3646  140.201  50 
 39.645  138.392  50 
 38.9412  136.583  50 
 38.8945  136.466  50 
 38.2123  134.774  50 
 37.4856  132.965  50 
 37.0854  131.994  50 
 36.7349  131.156  50 
 35.9456  129.347  50 
 35.2764  127.874  50 
 35.1194  127.538  50 
 34.2076  125.729  50 
 33.4673  124.36  50 
 33.2218  123.92  50 
 32.1176  122.111  50 
 31.6583  121.419  50 
 30.8954  120.302  50 
 29.8492  118.88  50 
 29.5557  118.492  50 
 28.0795  116.683  50 
 28.0402  116.639  50 
 26.4296  114.874  50 
 26.2312  114.672  50 
 24.5719  113.065  50 
 24.4221  112.931  50 
 22.6131  111.42  50 
 22.3997  111.256  50 
 20.804  110.139  50 
 19.6985  109.447  50 
 18.995  109.049  50 
 17.1859  108.16  50 
 15.9307  107.638  50 
 15.3769  107.434  50 
 13.5678  106.883  50 
 11.7588  106.452  50 
 9.94975  106.13  50 
 8.1407  105.907  50 
 7.08337  105.829  50 
 6.33166  105.781  50 
 4.52261  105.741  50 
 2.71357  105.777  50 
 1.85467  105.829  50 
 0.904523  105.892  50 
-0.904523  106.088  50 
-2.71357  106.343  50 
-4.52261  106.64  50 
-6.33166  106.961  50 
-8.1407  107.299  50 
-9.89225  107.638  50 
-9.94975  107.65  50 
-11.7588  108.053  50 
-13.5678  108.471  50 
-15.3769  108.909  50 
-17.1859  109.373  50 
-17.4523  109.447  50 
-18.995  109.91  50 
-20.804  110.489  50 
-22.6131  111.102  50 
-23.0353  111.256  50 
-24.4221  111.801  50 
-26.2312  112.551  50 
-27.4027  113.065  50 
-28.0402  113.368  50 
-29.8492  114.283  50 
-30.9541  114.874  50 
-31.6583  115.284  50 
-33.4673  116.403  50 
-33.8921  116.683  50 
-35.2764  117.681  50 
-36.3344  118.492  50 

 180  122.536  50 
 179.055  122.111  50 
 178.191  121.739  50 
 176.382  120.984  50 
 174.699  120.302  50 
 174.573  120.252  50 
 172.764  119.564  50 
 170.955  118.899  50 
 169.799  118.492  50 
 169.146  118.272  50 
 167.337  117.701  50 
 165.528  117.188  50 
 163.719  116.752  50 
 163.35  116.683  50 
 161.91  116.426  50 
 160.101  116.223  50 
 158.291  116.153  50 
 156.482  116.208  50 
 154.673  116.376  50 
 152.864  116.643  50 
 152.659  116.683  50 
 151.055  117.011  50 
 149.246  117.463  50 
 147.437  117.99  50 
 145.912  118.492  50 
 145.628  118.59  50 
 143.819  119.281  50 
 142.01  120.039  50 
 141.442  120.302  50 
 140.201  120.91  50 
 138.392  121.898  50 
 138.029  122.111  50 
 136.583  122.989  50 
 135.096  123.92  50 
 134.774  124.127  50 
 132.965  125.322  50 
 132.36  125.729  50 
 131.156  126.556  50 
 129.747  127.538  50 
 129.347  127.822  50 
 127.538  129.135  50 
 127.255  129.347  50 
 125.729  130.506  50 
 124.901  131.156  50 
 123.92  131.94  50 
 122.686  132.965  50 
 122.111  133.453  50 
 120.627  134.774  50 
 120.302  135.072  50 
 118.744  136.583  50 
 118.492  136.838  50 
 117.053  138.392  50 
 116.683  138.818  50 
 115.532  140.201  50 
 114.874  141.042  50 
 114.132  142.01  50 
 113.065  143.477  50 
 112.818  143.819  50 
 111.574  145.628  50 
 111.256  146.116  50 
 110.387  147.437  50 
 109.447  148.949  50 
 109.259  149.246  50 
 108.195  151.055  50 
 107.638  152.091  50 
 107.21  152.864  50 
 106.323  154.673  50 
 105.829  155.857  50 
 105.558  156.482  50 
 104.937  158.291  50 
 104.498  160.101  50 
 104.257  161.91  50 
 104.202  163.719  50 
 104.303  165.528  50 
 104.53  167.337  50 
 104.853  169.146  50 
 105.25  170.955  50 
 105.695  172.764  50 
 105.829  173.276  50 
 106.158  174.573  50 
 106.625  176.382  50 
 107.08  178.191  50 
 107.513  180  50 

 180 -123.736  50 
 178.191 -123.501  50 
 176.382 -123.313  50 
 174.573 -123.166  50 
 172.764 -123.059  50 
 170.955 -122.991  50 
 169.146 -122.964  50 
 167.337 -122.981  50 
 165.528 -123.045  50 
 163.719 -123.163  50 
 161.91 -123.339  50 
 160.101 -123.579  50 
 158.291 -123.885  50 
 158.126 -123.92  50 
 156.482 -124.266  50 
 154.673 -124.712  50 
 152.864 -125.222  50 
 151.276 -125.729  50 
 151.055 -125.8  50 
 149.246 -126.467  50 
 147.437 -127.212  50 
 146.734 -127.538  50 
 145.628 -128.06  50 
 143.819 -129.013  50 
 143.248 -129.347  50 
 142.01 -130.078  50 
 140.333 -131.156  50 
 140.201 -131.241  50 
 138.392 -132.503  50 
 137.767 -132.965  50 
 136.583 -133.843  50 
 135.38 -134.774  50 
 134.774 -135.247  50 
 133.116 -136.583  50 
 132.965 -136.706  50 
 131.156 -138.223  50 
 130.958 -138.392  50 
 129.347 -139.794  50 
 128.885 -140.201  50 
 127.538 -141.422  50 
 126.896 -142.01  50 
 125.729 -143.12  50 
 125.005 -143.819  50 
 123.92 -144.911  50 
 123.221 -145.628  50 
 122.111 -146.813  50 
 121.535 -147.437  50 
 120.302 -148.826  50 
 119.932 -149.246  50 
 118.492 -150.948  50 
 118.402 -151.055  50 
 116.946 -152.864  50 
 116.683 -153.208  50 
 115.563 -154.673  50 
 114.874 -155.633  50 
 114.261 -156.482  50 
 113.065 -158.269  50 
 113.05 -158.291  50 
 111.935 -160.101  50 
 111.256 -161.322  50 
 110.924 -161.91  50 
 110.022 -163.719  50 
 109.447 -165.039  50 
 109.231 -165.528  50 
 108.548 -167.337  50 
 107.972 -169.146  50 
 107.638 -170.401  50 
 107.489 -170.955  50 
 107.088 -172.764  50 
 106.759 -174.573  50 
 106.489 -176.382  50 
 106.263 -178.191  50 
 106.065 -180  50 

