i dih1 dih2 Mu(D) Ene(Eh) VBA(eV) DBA(eV)
1 -180 -180 0 0 0 0
2 -180 -160 0 0 0 0
3 -180 -140 0 0 0 0
4 -180 -120 -842.90123156 2.1630 -1.6871 0.0025
5 -180 -100 -842.90028383 2.2631 -1.6897 0.0013
6 -180 -80 -842.89942464 2.2738 -1.6704 0.0012
7 -180 -60 -842.89933195 2.1348 -1.6234 0.0022
8 -180 -40 -842.89994195 1.9263 -1.5659 0.0031
9 -180 -20 -842.89913652 1.6620 -1.5147 0.0043
10 -180 0 -842.89858905 1.5239 -1.4911 0.0049
11 -180 20 -842.89947385 1.5487 -1.5070 0.0048
12 -180 40 -842.90021728 1.6401 -1.5551 0.0043
13 -180 60 -842.89972815 1.7672 -1.6127 0.0037
14 -180 80 -842.89999028 1.8051 -1.6599 0.0034
15 -180 100 0 0 0 0
16 -180 120 0 0 0 0
17 -180 140 0 0 0 0
18 -180 160 0 0 0 0
19 -180 180 0 0 0 0
20 -160 -180 0 0 0 0
21 -160 -160 0 0 0 0
22 -160 -140 0 0 0 0
23 -160 -120 0 0 0 0
24 -160 -100 0 0 0 0
25 -160 -80 0 0 0 0
26 -160 -60 0 0 0 0
27 -160 -40 0 0 0 0
28 -160 -20 0 0 0 0
29 -160 0 0 0 0 0
30 -160 20 -842.90082771 1.5965 -1.5269 0.0043
31 -160 40 -842.90117020 1.8300 -1.5728 0.0028
32 -160 60 -842.90017004 2.0487 -1.6265 0.0015
33 -160 80 -842.90024238 2.1823 -1.6747 0.0006
34 -160 100 -842.90058752 2.2340 -1.7032 0.0003
35 -160 120 -842.90045782 2.1431 -1.7086 0.0013
36 -160 140 0 0 0 0
37 -160 160 0 0 0 0
38 -160 180 0 0 0 0
39 -140 -180 0 0 0 0
40 -140 -160 0 0 0 0
41 -140 -140 0 0 0 0
42 -140 -120 0 0 0 0
43 -140 -100 0 0 0 0
44 -140 -80 0 0 0 0
45 -140 -60 0 0 0 0
46 -140 -40 0 0 0 0
47 -140 -20 0 0 0 0
48 -140 0 0 0 0 0
49 -140 20 0 0 0 0
50 -140 40 -842.90244182 1.8432 -1.5922 0.0022
51 -140 60 -842.90057811 2.0935 -1.6472 0.0006
52 -140 80 0 0 0 0
53 -140 100 -842.90046149 2.4615 -1.7292 -0.0018
54 -140 120 -842.90046355 2.4764 -1.7344 -0.0014
55 -140 140 -842.90090231 2.3931 -1.7048 -0.0001
56 -140 160 -842.90080584 2.2352 -1.6770 0.0022
57 -140 180 0 0 0 0
58 -120 -180 -842.90115255 2.5195 -1.6776 0.0015
59 -120 -160 -842.90244099 2.2729 -1.6865 0.0030
60 -120 -140 0 0 0 0
61 -120 -120 0 0 0 0
62 -120 -100 0 0 0 0
63 -120 -80 0 0 0 0
64 -120 -60 0 0 0 0
65 -120 -40 0 0 0 0
66 -120 -20 0 0 0 0
67 -120 0 0 0 0 0
68 -120 20 0 0 0 0
69 -120 40 -842.90258741 1.8156 -1.6078 0.0020
70 -120 60 -842.90025032 2.0897 -1.6626 0.0003
71 -120 80 -842.89913938 2.3417 -1.7127 -0.0011
72 -120 100 -842.89954242 2.6082 -1.7487 -0.0029
73 -120 120 -842.89978653 2.7486 -1.7586 -0.0036
74 -120 140 -842.90039480 2.7569 -1.7291 -0.0028
75 -120 160 -842.90050107 2.6896 -1.7015 -0.0009
76 -120 180 -842.90111906 2.5205 -1.6791 0.0015
77 -100 -180 -842.90076493 2.8469 -1.6744 -0.0007
78 -100 -160 -842.90209838 2.6076 -1.6789 0.0011
79 -100 -140 -842.90216039 2.1404 -1.7066 0.0034
80 -100 -120 0 0 0 0
81 -100 -100 0 0 0 0
82 -100 -80 0 0 0 0
83 -100 -60 0 0 0 0
84 -100 -40 0 0 0 0
85 -100 -20 0 0 0 0
86 -100 0 0 0 0 0
87 -100 20 0 0 0 0
88 -100 40 0 0 0 0
89 -100 60 -842.89791292 1.9895 -1.6346 0.0004
90 -100 80 -842.89633319 2.2430 -1.6803 -0.0006
91 -100 100 -842.89802643 2.5678 -1.7302 -0.0025
92 -100 120 -842.89915748 2.7945 -1.7508 -0.0040
93 -100 140 -842.90000060 2.9411 -1.7258 -0.0046
94 -100 160 -842.90025383 2.9589 -1.6989 -0.0032
95 -100 180 -842.90077243 2.8524 -1.6755 -0.0007
96 -80 -180 -842.90035406 3.0876 -1.6558 -0.0023
97 -80 -160 -842.90164350 2.8485 -1.6629 -0.0002
98 -80 -140 -842.90172296 2.3676 -1.6881 0.0025
99 -80 -120 -842.90113132 1.8020 -1.7144 0.0051
100 -80 -100 0 0 0 0
101 -80 -80 0 0 0 0
102 -80 -60 0 0 0 0
103 -80 -40 0 0 0 0
104 -80 -20 0 0 0 0
105 -80 0 0 0 0 0
106 -80 20 0 0 0 0
107 -80 40 -842.89392569 1.6349 -1.5108 0.0019
108 -80 60 -842.89158516 1.8943 -1.5623 0.0005
109 -80 80 -842.89107652 2.1978 -1.6152 -0.0008
110 -80 100 -842.89621406 2.4620 -1.6895 -0.0017
111 -80 120 -842.89861803 2.7984 -1.7222 -0.0038
112 -80 140 -842.89955486 3.0199 -1.7013 -0.0050
113 -80 160 -842.89972009 3.1202 -1.6761 -0.0043
114 -80 180 -842.90032784 3.0838 -1.6556 -0.0022
115 -60 -180 -842.90026614 3.1558 -1.6086 -0.0025
116 -60 -160 -842.90171064 2.9412 -1.6221 -0.0006
117 -60 -140 -842.90189777 2.4785 -1.6480 0.0021
118 -60 -120 -842.90128564 1.9260 -1.6716 0.0047
119 -60 -100 0 0 0 0
120 -60 -80 0 0 0 0
121 -60 -60 0 0 0 0
122 -60 -40 0 0 0 0
123 -60 -20 0 0 0 0
124 -60 0 -842.89356419 1.5274 -1.4498 0.0023
125 -60 20 -842.89018245 1.7474 -1.4211 0.0000
126 -60 40 -842.88696774 1.9097 -1.4327 -0.0016
127 -60 60 -842.88592801 2.0064 -1.4749 -0.0020
128 -60 80 -842.89175418 2.0563 -1.5862 -0.0001
129 -60 100 -842.89785758 2.4393 -1.6552 -0.0017
130 -60 120 -842.89980504 2.7566 -1.6802 -0.0034
131 -60 140 -842.89999087 2.9924 -1.6560 -0.0044
132 -60 160 -842.89975837 3.1310 -1.6318 -0.0039
133 -60 180 -842.90025300 3.1519 -1.6111 -0.0025
134 -40 -180 -842.90086956 3.0657 -1.5542 -0.0019
135 -40 -160 -842.90231988 2.8774 -1.5673 -0.0003
136 -40 -140 -842.90294444 2.4492 -1.5931 0.0020
137 -40 -120 -842.90263666 1.9187 -1.6186 0.0044
138 -40 -100 0 0 0 0
139 -40 -80 0 0 0 0
140 -40 -60 0 0 0 0
141 -40 -40 0 0 0 0
142 -40 -20 -842.89269198 1.5632 -1.4438 0.0014
143 -40 0 -842.88842028 1.8485 -1.3823 -0.0016
144 -40 20 -842.88431644 2.0752 -1.3394 -0.0044
145 -40 40 -842.88240444 2.0929 -1.3441 -0.0049
146 -40 60 -842.88705189 1.8312 -1.4478 -0.0011
147 -40 80 -842.89405918 1.8154 -1.5385 0.0015
148 -40 100 -842.89998414 2.1938 -1.5942 0.0002
149 -40 120 -842.90202109 2.5663 -1.6232 -0.0018
150 -40 140 -842.90180124 2.8227 -1.6026 -0.0030
151 -40 160 -842.90072712 2.9866 -1.5784 -0.0028
152 -40 180 -842.90083364 3.0633 -1.5545 -0.0019
153 -20 -180 -842.90012932 2.9289 -1.5036 -0.0012
154 -20 -160 -842.90215382 2.8332 -1.5135 -0.0004
155 -20 -140 -842.90332232 2.4908 -1.5422 0.0012
156 -20 -120 -842.90350777 2.0564 -1.5701 0.0031
157 -20 -100 0 0 0 0
158 -20 -80 0 0 0 0
159 -20 -60 0 0 0 0
160 -20 -40 -842.89249760 1.5708 -1.4550 0.0009
161 -20 -20 -842.88801356 1.8428 -1.3805 -0.0024
162 -20 0 -842.88308908 2.1829 -1.3068 -0.0069
163 -20 20 -842.88030877 2.3399 -1.2705 -0.0092
164 -20 40 -842.88431439 1.9197 -1.3521 -0.0036
165 -20 60 -842.89019760 1.6235 -1.4417 0.0006
166 -20 80 0 0 0 0
167 -20 100 -842.90132013 1.9029 -1.5535 0.0022
168 -20 120 -842.90281704 2.2445 -1.5755 0.0007
169 -20 140 -842.90201370 2.5535 -1.5561 -0.0008
170 -20 160 -842.90020650 2.7486 -1.5322 -0.0010
171 -20 180 -842.90008998 2.9279 -1.5007 -0.0011
172 0 -180 -842.89917644 2.8793 -1.4844 -0.0011
173 0 -160 -842.90168580 2.8792 -1.4980 -0.0013
174 0 -140 -842.90329279 2.6293 -1.5286 -0.0004
175 0 -120 -842.90387325 2.3139 -1.5543 0.0009
176 0 -100 -842.90238842 1.9691 -1.5516 0.0019
177 0 -80 0 0 0 0
178 0 -60 -842.89272502 1.7246 -1.4756 0.0000
179 0 -40 -842.88799063 1.8701 -1.4039 -0.0028
180 0 -20 -842.88275834 2.2188 -1.3166 -0.0078
181 0 0 -842.87938070 2.4980 -1.2591 -0.0121
182 0 20 -842.88300879 2.1298 -1.3135 -0.0067
183 0 40 -842.88864094 1.6485 -1.3977 -0.0007
184 0 60 0 0 0 0
185 0 80 0 0 0 0
186 0 100 0 0 0 0
187 0 120 -842.90258507 1.9496 -1.5557 0.0028
188 0 140 -842.90146121 2.3017 -1.5353 0.0012
189 0 160 -842.89939266 2.5826 -1.5129 0.0001
190 0 180 -842.89910876 2.8575 -1.4861 -0.0009
191 20 -180 -842.89953351 2.9675 -1.5167 -0.0022
192 20 -160 -842.90209189 3.0977 -1.5244 -0.0036
193 20 -140 -842.90369927 2.9094 -1.5525 -0.0032
194 20 -120 -842.90409721 2.6687 -1.5731 -0.0024
195 20 -100 -842.90133173 2.2720 -1.5577 -0.0009
196 20 -80 -842.89547064 1.9470 -1.5207 -0.0004
197 20 -60 -842.88922665 2.0098 -1.4577 -0.0032
198 20 -40 -842.88360268 2.2151 -1.3701 -0.0071
199 20 -20 -842.87973284 2.5322 -1.2968 -0.0122
200 20 0 -842.88298988 2.2677 -1.3325 -0.0079
201 20 20 -842.88825191 1.8069 -1.3954 -0.0022
202 20 40 -842.89293586 1.4121 -1.4558 0.0018
203 20 60 0 0 0 0
204 20 80 0 0 0 0
205 20 100 0 0 0 0
206 20 120 -842.90230308 1.7922 -1.5725 0.0039
207 20 140 -842.90139652 2.2299 -1.5529 0.0018
208 20 160 -842.89972202 2.6163 -1.5316 -0.0001
209 20 180 -842.89956280 2.9667 -1.5154 -0.0022
210 40 -180 -842.90029259 3.2112 -1.5687 -0.0045
211 40 -160 -842.90232796 3.3857 -1.5770 -0.0067
212 40 -140 -842.90338551 3.2455 -1.6018 -0.0068
213 40 -120 -842.90325032 3.0113 -1.6193 -0.0060
214 40 -100 -842.90003283 2.6620 -1.5963 -0.0047
215 40 -80 -842.89313212 2.2927 -1.5483 -0.0037
216 40 -60 -842.88599027 2.2961 -1.4639 -0.0063
217 40 -40 -842.88162793 2.4654 -1.3779 -0.0096
218 40 -20 -842.88385499 2.3312 -1.3870 -0.0075
219 40 0 -842.88821942 1.9934 -1.4167 -0.0033
220 40 20 -842.89263849 1.6175 -1.4608 0.0005
221 40 40 0 0 0 0
222 40 60 0 0 0 0
223 40 80 0 0 0 0
224 40 100 0 0 0 0
225 40 120 0 0 0 0
226 40 140 -842.90118661 2.3168 -1.6007 0.0015
227 40 160 -842.90024277 2.7929 -1.5801 -0.0014
228 40 180 -842.90028627 3.2158 -1.5663 -0.0045
229 60 -180 -842.89978303 3.3784 -1.6217 -0.0060
230 60 -160 -842.90113799 3.5602 -1.6323 -0.0085
231 60 -140 -842.90140496 3.4510 -1.6579 -0.0088
232 60 -120 -842.90091334 3.2765 -1.6774 -0.0087
233 60 -100 -842.89776139 2.8928 -1.6560 -0.0070
234 60 -80 -842.89083973 2.5464 -1.5964 -0.0059
235 60 -60 -842.88518707 2.5508 -1.5044 -0.0079
236 60 -40 -842.88629536 2.4029 -1.4736 -0.0066
237 60 -20 -842.88954249 2.1295 -1.4651 -0.0035
238 60 0 -842.89309178 1.8248 -1.4800 -0.0003
239 60 20 0 0 0 0
240 60 40 0 0 0 0
241 60 60 0 0 0 0
242 60 80 0 0 0 0
243 60 100 0 0 0 0
244 60 120 0 0 0 0
245 60 140 -842.90017123 2.4191 -1.6559 0.0009
246 60 160 -842.89965163 2.9313 -1.6349 -0.0023
247 60 180 -842.89979829 3.3708 -1.6209 -0.0059
248 80 -180 -842.90013672 3.4079 -1.6655 -0.0063
249 80 -160 -842.90110668 3.6177 -1.6774 -0.0091
250 80 -140 -842.90071010 3.4891 -1.7043 -0.0091
251 80 -120 -842.89950875 3.2991 -1.7223 -0.0084
252 80 -100 -842.89595162 2.9767 -1.6996 -0.0071
253 80 -80 -842.89022614 2.7150 -1.6394 -0.0064
254 80 -60 -842.89102791 2.5213 -1.6026 -0.0049
255 80 -40 -842.89347199 0 -1.5551 -0.0030
256 80 -20 -842.89588923 1.9398 -1.5266 0.0001
257 80 0 0 0 0 0
258 80 20 0 0 0 0
259 80 40 0 0 0 0
260 80 60 0 0 0 0
261 80 80 0 0 0 0
262 80 100 0 0 0 0
263 80 120 0 0 0 0
264 80 140 -842.90008733 2.3903 -1.7000 0.0010
265 80 160 -842.89989101 2.9424 -1.6788 -0.0024
266 80 180 -842.90014765 3.3964 -1.6659 -0.0061
267 100 -180 -842.90070466 3.2373 -1.6824 -0.0047
268 100 -160 -842.90171890 3.5135 -1.6944 -0.0079
269 100 -140 -842.90130722 3.4776 -1.7225 -0.0088
270 100 -120 -842.90008865 3.3406 -1.7477 -0.0085
271 100 -100 -842.89777336 3.0527 -1.7381 -0.0069
272 100 -80 -842.89579193 2.8842 -1.7065 -0.0063
273 100 -60 -842.89767704 2.6598 -1.6613 -0.0049
274 100 -40 -842.89993378 2.3659 -1.5970 -0.0025
275 100 -20 -842.90135616 2.0091 -1.5556 0.0004
276 100 0 0 0 0 0
277 100 20 0 0 0 0
278 100 40 0 0 0 0
279 100 60 0 0 0 0
280 100 80 0 0 0 0
281 100 100 0 0 0 0
282 100 120 0 0 0 0
283 100 140 -842.90059082 2.1918 -1.7178 0.0020
284 100 160 -842.90037685 2.7476 -1.6955 -0.0010
285 100 180 -842.90072661 3.2554 -1.6807 -0.0049
286 120 -180 -842.90117555 2.9772 -1.6799 -0.0026
287 120 -160 -842.90230868 3.3385 -1.6880 -0.0061
288 120 -140 -842.90199660 3.3616 -1.7200 -0.0075
289 120 -120 -842.90090450 3.3103 -1.7495 -0.0080
290 120 -100 -842.89952176 3.1305 -1.7509 -0.0077
291 120 -80 -842.89865983 2.9469 -1.7262 -0.0065
292 120 -60 -842.90025474 2.8013 -1.6769 -0.0056
293 120 -40 -842.90265391 2.4991 -1.6151 -0.0032
294 120 -20 -842.90350339 2.1505 -1.5655 -0.0003
295 120 0 -842.90326935 1.7706 -1.5450 0.0024
296 120 20 0 0 0 0
297 120 40 0 0 0 0
298 120 60 0 0 0 0
299 120 80 0 0 0 0
300 120 100 0 0 0 0
301 120 120 0 0 0 0
302 120 140 0 0 0 0
303 120 160 -842.90088805 2.4287 -1.6980 0.0008
304 120 180 -842.90120621 2.9984 -1.6783 -0.0028
305 140 -180 -842.90147627 2.5469 -1.6509 0.0005
306 140 -160 -842.90266873 2.9118 -1.6618 -0.0024
307 140 -140 -842.90251949 3.0281 -1.6941 -0.0043
308 140 -120 -842.90164189 3.0649 -1.7243 -0.0057
309 140 -100 -842.90050065 3.0187 -1.7273 -0.0067
310 140 -80 -842.89968252 2.8985 -1.7061 -0.0061
311 140 -60 -842.90053808 2.7424 -1.6537 -0.0046
312 140 -40 -842.90260898 2.4746 -1.5945 -0.0026
313 140 -20 -842.90293300 2.1323 -1.5439 0.0001
314 140 0 -842.90245710 1.8052 -1.5189 0.0025
315 140 20 0 0 0 0
316 140 40 0 0 0 0
317 140 60 0 0 0 0
318 140 80 0 0 0 0
319 140 100 0 0 0 0
320 140 120 0 0 0 0
321 140 140 0 0 0 0
322 140 160 0 0 0 0
323 140 180 -842.90147596 2.5367 -1.6522 0.0005
324 160 -180 0 0 0 0
325 160 -160 -842.90246149 2.4322 -1.6304 0.0013
326 160 -140 -842.90248093 2.6201 -1.6644 -0.0007
327 160 -120 -842.90183662 2.7663 -1.6958 -0.0026
328 160 -100 -842.90083495 2.8087 -1.7003 -0.0041
329 160 -80 -842.89992862 2.7687 -1.6802 -0.0042
330 160 -60 -842.90018935 2.6341 -1.6298 -0.0029
331 160 -40 -842.90143750 2.3926 -1.5705 -0.0012
332 160 -20 -842.90110684 2.0796 -1.5186 0.0011
333 160 0 0 0 0 0
334 160 20 -842.90111480 1.6237 -1.5056 0.0039
335 160 40 0 0 0 0
336 160 60 0 0 0 0
337 160 80 0 0 0 0
338 160 100 0 0 0 0
339 160 120 0 0 0 0
340 160 140 0 0 0 0
341 160 160 0 0 0 0
342 160 180 0 0 0 0
343 180 -180 0 0 0 0
344 180 -160 0 0 0 0
345 180 -140 0 0 0 0
346 180 -120 -842.90123066 2.1616 -1.6871 0.0025
347 180 -100 -842.90028138 2.2627 -1.6895 0.0013
348 180 -80 -842.89942423 2.2730 -1.6704 0.0012
349 180 -60 -842.89933199 2.1347 -1.6234 0.0022
350 180 -40 -842.89994199 1.9263 -1.5659 0.0031
351 180 -20 -842.89913658 1.6619 -1.5147 0.0043
352 180 0 -842.89858908 1.5239 -1.4911 0.0049
353 180 20 -842.89947389 1.5487 -1.5070 0.0048
354 180 40 -842.90021730 1.6401 -1.5551 0.0043
355 180 60 -842.89972817 1.7672 -1.6127 0.0037
356 180 80 -842.89999031 1.8051 -1.6599 0.0034
357 180 100 0 0 0 0
358 180 120 0 0 0 0
359 180 140 0 0 0 0
360 180 160 0 0 0 0
361 180 180 0 0 0 0
