$molecule
0 1
C 0.000000 0.000000 0.000000
C -0.746907 -1.288750 0.044623
C 0.021745 -2.569166 -0.000000
C 1.366152 -2.533838 0.002684
C 2.127142 -1.266540 0.000000
C 1.367901 0.000000 0.029472
O -1.974175 -1.313865 0.146738
C -0.788159 -3.829555 -0.019921
O 3.357976 -1.272804 -0.063246
O 2.088121 1.150859 0.124924
C 2.246402 1.877060 -1.113299
O -0.626223 1.195560 0.031403
C -1.996547 1.359569 -0.412331
H -1.445850 -3.850126 -0.896106
H -0.136224 -4.705935 -0.039243
H -1.441762 -3.880706 0.857377
H -2.694228 1.023065 0.353957
H -2.089833 2.433790 -0.580829
H -2.174155 0.811865 -1.340716
H 2.808696 1.269546 -1.830707
H 1.269558 2.153446 -1.524746
H 2.812735 2.773212 -0.858303
H 1.968018 -3.439281 -0.008013
