i dih1 dih2 Mu(D) Ene(Eh) VBA(eV) DBA(eV)
1 -180 -180 -648.15564991 1.1409 -1.6365 0.0098
2 -180 -160 -648.15621032 1.4724 -1.6515 0.0086
3 -180 -140 -648.15619409 1.9660 -1.6804 0.0063
4 -180 -120 -648.15579320 2.5610 -1.7102 0.0027
5 -180 -100 -648.15532973 2.9625 -1.7121 -0.0003
6 -180 -80 -648.15479011 3.2107 -1.6932 -0.0021
7 -180 -60 -648.15464021 3.2387 -1.6435 -0.0022
8 -180 -40 -648.15534886 3.1017 -1.5816 -0.0014
9 -180 -20 -648.15458516 2.9057 -1.5237 -0.0002
10 -180 0 -648.15385118 2.8123 -1.5019 0.0004
11 -160 -180 -648.15458885 2.9043 -1.5240 -0.0002
12 -160 -160 -648.15532495 3.0892 -1.5776 -0.0013
13 -160 -140 -648.15464685 3.2209 -1.6398 -0.0020
14 -160 -120 -648.15476760 3.1977 -1.6923 -0.0020
15 -160 -100 -648.15530574 2.9406 -1.7115 -0.0001
16 -160 -80 -648.15579517 2.5614 -1.7117 0.0028
17 -160 -60 -648.15621464 2.0033 -1.6801 0.0061
18 -160 -40 -648.15621733 1.4710 -1.6517 0.0087
19 -160 -20 -648.15564764 1.1410 -1.6364 0.0098
20 -160 0 -648.15641535 1.3124 -1.6468 0.0091
21 -140 -180 -648.15704455 1.2633 -1.6608 0.0091
22 -140 -160 -648.15701332 1.6198 -1.6874 0.0077
23 -140 -140 -648.15654461 2.1355 -1.7167 0.0053
24 -140 -120 -648.15595446 2.5465 -1.7177 0.0030
25 -140 -100 -648.15547761 2.8318 -1.7002 0.0013
26 -140 -80 -648.15549108 2.9103 -1.6491 0.0007
27 -140 -60 -648.15636337 2.8295 -1.5886 0.0006
28 -140 -40 -648.15609142 2.7405 -1.5263 0.0007
29 -140 -20 -648.15570053 2.7753 -1.5064 -0.0000
30 -140 0 -648.15624945 2.9679 -1.5349 -0.0019
31 -120 -180 -648.15653574 3.2138 -1.5882 -0.0040
32 -120 -160 -648.15533758 3.3800 -1.6501 -0.0054
33 -120 -140 -648.15515894 3.3719 -1.7054 -0.0055
34 -120 -120 -648.15572044 3.1988 -1.7249 -0.0039
35 -120 -100 -648.15619660 2.9197 -1.7249 -0.0011
36 -120 -80 -648.15668457 2.4130 -1.6920 0.0031
37 -120 -60 -648.15671927 1.8671 -1.6625 0.0067
38 -120 -40 -648.15642565 1.3176 -1.6467 0.0091
39 -120 -20 -648.15675289 1.5220 -1.6732 0.0081
40 -120 0 -648.15730967 1.2004 -1.6856 0.0091
41 -100 -180 -648.15727684 1.2860 -1.7102 0.0086
42 -100 -160 -648.15683998 1.6514 -1.7371 0.0071
43 -100 -140 -648.15627869 2.0154 -1.7377 0.0056
44 -100 -120 -648.15582757 2.3016 -1.7191 0.0043
45 -100 -100 -648.15597705 2.4080 -1.6708 0.0036
46 -100 -80 -648.15725556 2.3607 -1.6136 0.0032
47 -100 -60 -648.15765445 2.3676 -1.5531 0.0025
48 -100 -40 -648.15767711 2.5024 -1.5336 0.0010
49 -100 -20 -648.15817551 2.7957 -1.5557 -0.0018
50 -100 0 -648.15783738 3.0795 -1.6077 -0.0044
51 -80 -180 -648.15583769 3.2746 -1.6696 -0.0061
52 -80 -160 -648.15508619 3.2876 -1.7276 -0.0062
53 -80 -140 -648.15555722 3.1817 -1.7503 -0.0052
54 -80 -120 -648.15620154 3.0063 -1.7486 -0.0030
55 -80 -100 -648.15687286 2.5957 -1.7197 0.0010
56 -80 -80 -648.15704316 2.1181 -1.6868 0.0049
57 -80 -60 -648.15674612 1.5397 -1.6726 0.0080
58 -80 -40 -648.15656399 1.8235 -1.7005 0.0068
59 -80 -20 -648.15711570 1.3277 -1.7080 0.0087
60 -80 0 -648.15709160 1.0748 -1.7334 0.0090
61 -60 -180 -648.15660631 1.1248 -1.7614 0.0086
62 -60 -160 -648.15605770 1.4120 -1.7625 0.0077
63 -60 -140 -648.15553763 1.6846 -1.7397 0.0069
64 -60 -120 -648.15587135 1.8314 -1.6943 0.0061
65 -60 -100 -648.15746095 1.8448 -1.6304 0.0053
66 -60 -80 -648.15834717 1.9621 -1.5750 0.0039
67 -60 -60 -648.15864818 2.1891 -1.5558 0.0019
68 -60 -40 -648.15889923 2.5247 -1.5782 -0.0009
69 -60 -20 -648.15803830 2.8298 -1.6301 -0.0035
70 -60 0 -648.15557715 3.0465 -1.6934 -0.0052
71 -40 -180 -648.15413454 3.0730 -1.7443 -0.0051
72 -40 -160 -648.15467898 3.0420 -1.7717 -0.0046
73 -40 -140 -648.15557925 2.9830 -1.7748 -0.0034
74 -40 -120 -648.15643331 2.6928 -1.7458 -0.0002
75 -40 -100 -648.15677459 2.3781 -1.7138 0.0030
76 -40 -80 -648.15657927 1.8249 -1.6971 0.0067
77 -40 -60 -648.15626034 2.0190 -1.6946 0.0057
78 -40 -40 -648.15671529 1.5162 -1.7071 0.0081
79 -40 -20 -648.15670473 1.0369 -1.7338 0.0093
80 -40 0 -648.15622241 0.7226 -1.7585 0.0095
81 -20 -180 -648.15564771 0.8504 -1.7519 0.0092
82 -20 -160 -648.15506301 1.1096 -1.7353 0.0085
83 -20 -140 -648.15530447 1.2997 -1.6902 0.0076
84 -20 -120 -648.15715865 1.3834 -1.6253 0.0065
85 -20 -100 -648.15817466 1.5801 -1.5734 0.0049
86 -20 -80 -648.15790218 1.8493 -1.5496 0.0029
87 -20 -60 -648.15684669 2.1644 -1.5589 0.0004
88 -20 -40 -648.15544397 2.4873 -1.6045 -0.0021
89 -20 -20 -648.15313859 2.7056 -1.6702 -0.0037
90 -20 0 -648.15124767 2.7542 -1.7149 -0.0033
91 0 -180 -648.15303825 2.7960 -1.7539 -0.0030
92 0 -160 -648.15488112 2.8441 -1.7675 -0.0028
93 0 -140 -648.15595598 2.6488 -1.7386 -0.0003
94 0 -120 -648.15642559 2.4599 -1.7148 0.0021
95 0 -100 -648.15625392 2.0086 -1.6971 0.0057
96 0 -80 -648.15574557 2.1403 -1.6754 0.0048
97 0 -60 -648.15623294 1.6478 -1.6843 0.0076
98 0 -40 -648.15622559 1.0992 -1.7071 0.0092
99 0 -20 -648.15577606 0.5333 -1.7326 0.0098
100 0 0 -648.15510654 0.3448 -1.7320 0.0098
101 20 -180 -648.15442357 0.6663 -1.7163 0.0090
102 20 -160 -648.15468017 0.9598 -1.6664 0.0077
103 20 -140 -648.15641489 1.1134 -1.6089 0.0064
104 20 -120 -648.15643317 1.2899 -1.5615 0.0052
105 20 -100 -648.15433946 1.5220 -1.5297 0.0034
106 20 -80 -648.15153736 1.8497 -1.5176 0.0006
107 20 -60 -648.14915576 2.1261 -1.5528 -0.0014
108 20 -40 -648.14670866 2.3697 -1.6060 -0.0031
109 20 -20 -648.14597926 2.5155 -1.6504 -0.0034
110 20 0 -648.15129437 2.5646 -1.7121 -0.0022
111 40 -180 -648.15436798 2.6733 -1.7405 -0.0020
112 40 -160 -648.15554492 2.6005 -1.7153 -0.0005
113 40 -140 -648.15588742 2.4631 -1.6866 0.0018
114 40 -120 -648.15571272 2.1092 -1.6723 0.0050
115 40 -100 -648.15550429 2.0574 -1.6262 0.0051
116 40 -80 -648.15611100 1.6593 -1.6346 0.0073
117 40 -60 -648.15628232 1.1513 -1.6598 0.0088
118 40 -40 -648.15591993 0.6071 -1.6863 0.0095
119 40 -20 -648.15519966 0.2699 -1.6869 0.0095
120 40 0 -648.15460406 0.6272 -1.6709 0.0083
121 60 -180 -648.15502611 0.9448 -1.6317 0.0067
122 60 -160 -648.15524622 1.0411 -1.5919 0.0057
123 60 -140 -648.15327558 1.1918 -1.5480 0.0044
124 60 -120 -648.14884756 1.6170 -1.4751 0.0000
125 60 -100 -648.14533740 1.9030 -1.4561 -0.0030
126 60 -80 -648.14206776 2.1516 -1.4690 -0.0053
127 60 -60 -648.14090055 2.3744 -1.5010 -0.0067
128 60 -40 -648.14651729 2.3643 -1.6073 -0.0037
129 60 -20 -648.15298592 2.4067 -1.6665 -0.0021
130 60 0 -648.15570307 2.5156 -1.6920 -0.0016
131 80 -180 -648.15615915 2.4780 -1.6657 -0.0000
132 80 -160 -648.15596747 2.3670 -1.6376 0.0021
133 80 -140 -648.15548861 2.0506 -1.6236 0.0051
134 80 -120 -648.15599002 1.8986 -1.5668 0.0054
135 80 -100 -648.15675812 1.5920 -1.5773 0.0070
136 80 -80 -648.15735409 1.1499 -1.6034 0.0083
137 80 -60 -648.15744301 0.7452 -1.6281 0.0086
138 80 -40 -648.15697133 0.5886 -1.6282 0.0084
139 80 -20 -648.15622814 0.8377 -1.6163 0.0072
140 80 0 -648.15520107 1.0525 -1.5963 0.0058
141 100 -180 -648.15203546 1.1757 -1.5560 0.0045
142 100 -160 -648.14699051 1.3634 -1.4941 0.0022
143 100 -140 -648.14114583 1.6096 -1.4421 -0.0005
144 100 -120 -648.13946270 2.1289 -1.3693 -0.0079
145 100 -100 -648.13735797 2.3627 -1.3649 -0.0101
146 100 -80 -648.14189079 2.2701 -1.4710 -0.0061
147 100 -60 -648.14879846 2.1338 -1.5556 -0.0022
148 100 -40 -648.15524497 2.1061 -1.6050 -0.0000
149 100 -20 -648.15798450 2.2239 -1.6299 0.0003
150 100 0 -648.15807067 2.2203 -1.6080 0.0014
151 120 -180 -648.15705554 2.1677 -1.5827 0.0030
152 120 -160 -648.15600502 1.8944 -1.5672 0.0055
153 120 -140 -648.15519578 1.7019 -1.5165 0.0060
154 120 -120 -648.15635992 1.5500 -1.5252 0.0067
155 120 -100 -648.15764814 1.2677 -1.5523 0.0073
156 120 -80 -648.15820532 1.0775 -1.5764 0.0073
157 120 -60 -648.15788227 1.0163 -1.5773 0.0069
158 120 -40 -648.15611475 1.1361 -1.5674 0.0058
159 120 -20 -648.15298608 1.3323 -1.5497 0.0041
160 120 0 -648.14803668 1.6795 -1.4630 -0.0007
161 140 -180 -648.14349031 1.8944 -1.3963 -0.0047
162 140 -160 -648.13829294 2.2159 -1.3227 -0.0103
163 140 -140 -648.13535933 2.4721 -1.2879 -0.0140
164 140 -120 -648.13931047 2.2938 -1.3719 -0.0087
165 140 -100 -648.14501716 2.0734 -1.4578 -0.0039
166 140 -80 -648.15119479 1.8771 -1.5236 0.0002
167 140 -60 -648.15662837 1.7765 -1.5626 0.0024
168 140 -40 -648.15882309 1.8769 -1.5811 0.0028
169 140 -20 -648.15828850 1.9062 -1.5576 0.0035
170 140 0 -648.15663346 1.8931 -1.5326 0.0045
171 160 -180 -648.15520091 1.7023 -1.5160 0.0060
172 160 -160 -648.15445391 1.6190 -1.4954 0.0061
173 160 -140 -648.15595694 1.6563 -1.5068 0.0058
174 160 -120 -648.15772970 1.5610 -1.5332 0.0056
175 160 -100 -648.15854682 1.5085 -1.5588 0.0051
176 160 -80 -648.15764447 1.4353 -1.5549 0.0047
177 160 -60 -648.15400841 1.4818 -1.5358 0.0037
178 160 -40 -648.14860035 1.7788 -1.4810 -0.0003
179 160 -20 -648.14363176 2.0127 -1.4102 -0.0047
180 160 0 -648.13826328 2.2841 -1.3242 -0.0105
181 180 -180 -648.13470453 2.5336 -1.2649 -0.0158
182 180 -160 0 0 0 0
183 180 -140 0 0 0 0
184 180 -120 0 0 0 0
185 180 -100 0 0 0 0
186 180 -80 0 0 0 0
187 180 -60 0 0 0 0
188 180 -40 0 0 0 0
189 180 -20 0 0 0 0
190 180 0 0 0 0 0
